6.936708471516596086e-01 8.135069612910332815e-01 1.033625041813221124e+00
2.282533938771615922e-01 9.324196191826588098e-01 -4.035296712751517134e-01
3.907437977676858631e-01 5.878638958010659055e-01 2.248960411868679898e+00
7.625167536495099929e-01 4.981899607405453345e-01 -1.244873589972596228e+00
9.377408703018321745e-01 5.912098000768273298e-01 -1.739058488393833590e+00
1.934615836727435756e-01 7.718067896832585539e-01 1.360000973556982018e+00
1.869190472463868602e-01 1.723591310122095654e-01 -8.006399281356482156e-01
3.645343716104627596e-01 2.692879575722672003e-01 -2.905145548142717971e-02
2.896223509766808757e-01 3.835050000642917789e-01 3.057195546849551526e+00
2.986553471206885302e-01 2.353382204282805645e-02 -5.147265211589227007e-01
1.213211020874592760e-01 6.590250794408747392e-01 2.779147062602854490e+00
6.957622717577105487e-02 7.939838836071427819e-01 -1.687047395818180862e+00
5.880381899390695333e-01 6.007764484335376132e-02 -1.398671639596207328e+00
3.987080096845092569e-01 6.662785388762794136e-01 3.074185692125293912e+00
3.392807730875683214e-01 8.861255546473669753e-01 4.718205928607877020e-01
7.109582080714632601e-01 7.592536066293275043e-01 2.707559346342319095e+00
6.118199411833236123e-02 5.817620680386466070e-01 -3.055151173934410824e+00
1.610715612202016089e-01 7.838359459063644064e-01 1.023848940319461498e+00
6.865555011495764193e-01 7.686225340395481664e-01 -2.163743890257451508e+00
1.913959495586137205e-01 9.509550662686417910e-01 2.567849647797185497e+00
5.645137520213482363e-01 7.682770480570372262e-01 -2.520978740753777370e+00
2.709860192725142003e-01 8.279970508781259175e-01 4.800356802452592220e-01
2.900654803981962404e-01 9.400822425121310166e-01 -2.998477306996504943e+00
1.098356386308670940e-01 4.296264055024702211e-01 1.069734773156088004e+00
5.921578665745491632e-01 5.957187296579169455e-01 4.454954735010132616e-01
2.686188632588835112e-01 2.816054456235587145e-01 -2.866930254231512265e+00
5.829131294249112472e-02 2.030445101489036785e-01 -2.252020070778806282e+00
6.962381461804332261e-01 7.242007977921527395e-01 -8.394857682224188267e-02
4.564182792801996236e-02 8.580811097804561527e-01 2.687294459394045987e+00
7.494796188404504456e-01 3.292132293678529109e-04 -2.586322325477213635e+00
5.965071160777251080e-01 7.044785074462068808e-01 -1.989603559443307246e+00
1.467726504866980752e-01 6.944132592712439767e-01 -1.342737117491684673e+00
7.125442974947341357e-01 1.188103491653791366e-01 -9.884800209392876624e-01
7.104287319526370048e-02 6.399160902074625401e-01 -2.408063884289922463e+00
8.658035594320648842e-01 1.770523575117233239e-02 -1.092602270870829617e+00
8.151249855959700197e-01 2.354136380097455739e-01 -2.466284652062124216e+00
5.702392578403420176e-01 3.879322278662122869e-02 -6.704117048505495724e-01
5.113389510743648891e-02 5.904750859248166783e-01 -2.701222552283358169e+00
8.682005852549897762e-01 5.340883966499689883e-01 4.326141877054685558e-01
8.337716815424035532e-01 8.457328374649186742e-02 1.631187979121882847e+00
8.642000031648633396e-02 8.381702145543685756e-01 -9.506013972729623340e-01
8.330025002308273363e-01 1.245340111056740806e-01 1.586010723290502078e+00
8.957016332418343829e-02 7.769181749786955304e-01 -3.000416705877119838e+00
5.385518409075518154e-01 7.399608554005693284e-01 -2.426181706119199699e+00
9.693344634469158727e-02 9.148602605630172802e-01 -1.738879946670477183e+00
1.177695689935698287e-01 5.023599768410933475e-01 -1.661870481013424161e+00
4.734659271145590376e-01 4.231387828798438555e-01 1.037364737387560076e+00
4.189881735987163180e-01 4.385873472394905548e-01 -3.074579616007503624e+00
1.552830452587369292e-01 6.983750599502519529e-01 8.168621461409868445e-01
7.127603993501050450e-01 2.627407881849187499e-01 4.397989420264964977e-01
1.386071510696794684e-01 1.674204938676051579e-01 2.158431577875622231e+00
1.514962472772534152e-01 3.002020030541319162e-02 -5.018973148980201415e-01
7.042878979320088551e-01 1.444284199699122917e-01 -1.058589621894460819e+00
8.246502524036719572e-01 4.939625077609881565e-01 -2.120004091002342328e+00
6.865929275861126779e-02 5.489284688391502520e-01 2.215534808844439318e-01
5.317292672789444286e-01 2.860132212882012803e-01 1.835530401425815583e-01
3.563901321738148775e-01 7.907132422916032244e-01 3.312702821960362698e-01
6.299685884153938265e-02 6.489471032373576032e-01 9.476426117089342682e-01
2.338367690480724903e-01 9.429747799859887758e-01 2.905278667533822023e+00
2.791216458347804963e-01 8.102254786324264435e-01 1.986307033283833512e+00
3.211098105490087784e-01 3.593220140080710667e-01 2.143007554634168699e-01
4.815945213386378931e-01 8.867714431053324020e-01 2.242481904376290025e+00
9.657157475671721558e-01 9.517060247713271526e-02 -4.763678502166852624e-01
9.495564341417770393e-01 6.104633984690176485e-01 2.776485556597370064e-01
8.017221522314862403e-01 8.522647911614371630e-01 2.506076322765109055e+00
5.484117749430146294e-01 1.741729789373874793e-01 3.075645026229454793e+00
2.205920042163780348e-01 5.865937881320849590e-01 -1.141917594310295492e-01
9.648385196075466297e-01 9.771767496391304819e-01 2.128652049599826235e+00
5.394468935336302895e-01 9.608904507526224714e-01 2.967998482349869960e+00
1.579783022733257658e-01 9.161274782116376469e-01 2.899231304990091296e+00
5.394988529571531632e-02 6.510619163096297290e-01 -2.798218018916970085e+00
6.229356585543581737e-01 8.912111464513174930e-01 -4.601803515827951330e-02
8.493126029739253013e-01 9.640592151107321151e-01 1.491967246077524401e+00
8.401718767554485767e-01 7.198283158223139910e-02 -5.804061875233204049e-01
4.292908872433994771e-01 9.505448076803464375e-01 -1.816063300422012361e+00
1.090342824234888930e-01 1.726288895838329340e-01 1.233693660755327492e+00
3.341850613453745122e-02 5.856114839396605598e-01 8.547586435029175256e-01
5.981908200332979320e-01 5.155576563564736592e-01 3.640842242811093143e-01
5.751190139574623439e-01 9.419712201051403389e-01 2.477280485554989475e+00
1.370321983044953118e-01 2.284318854249905995e-01 5.355701201367404352e-01
4.718454472622385376e-01 6.959983656277102249e-02 2.358517201474975344e+00
7.634226675341424517e-01 2.724751367196127649e-01 6.643156689139328996e-01
6.185201476524977426e-01 5.468537149246122109e-02 4.128331641278890629e-01
8.762342929798450086e-02 6.831473807163789269e-01 2.263188419730626677e+00
3.208413725219779744e-01 5.643931353277555907e-01 -7.299926387374848780e-01
4.418291438132827542e-01 7.673920913871012939e-02 8.353482824745306345e-02
3.111871817244226124e-01 5.170502744008915741e-01 2.017526205134736017e+00
3.212117930935727284e-01 7.088210364687907994e-02 8.654788427416031382e-01
3.795706208344200583e-01 8.922895865873526899e-01 3.474844138883885769e-01
6.137586179482873439e-01 4.907980046358405568e-01 1.684008632938063244e+00
8.208210393732758847e-01 6.966703840782979551e-01 2.401556891418522355e+00
1.291282378738254355e-01 5.878030204159582217e-01 1.313831289850695860e+00
6.219346795964961760e-01 4.882205543072377640e-01 -8.141464929235864290e-02
5.455657890000742416e-02 9.875916877556909501e-01 1.187096789624551896e+00
2.639067235792904587e-01 4.689666676554664626e-01 -1.550454240499663294e+00
1.691254302036149237e-02 4.061331861294501522e-01 3.048453581904535525e+00
1.428596699590364283e-01 4.399298115540924980e-01 -1.289069380097281003e+00
7.229715386992922044e-01 6.662047017280007255e-01 2.052918599510204167e+00
6.614498619794719758e-01 5.020706075395887646e-01 -1.228310937477116171e+00
2.450400879268046506e-01 8.626145341807115452e-01 -2.365880209062691808e+00
