6.970174583103129207e-01 8.229303467629736080e-01 1.229550740035786349e+00
2.185153223488962293e-01 9.346933744268282052e-01 -3.370974417619660102e+00
3.814112277994548550e-01 5.914559895899407227e-01 2.774172061755629581e+00
7.600973457841940784e-01 4.884870505801219287e-01 -1.815161891373268110e+00
9.476770435467423148e-01 5.923378343170578875e-01 1.130440343141814324e-01
2.009118551065494085e-01 7.784771311709649533e-01 7.302207939815131832e-01
1.910155335962080980e-01 1.814815648752599597e-01 1.148727463803169258e+00
3.741913828077923498e-01 2.666913954731346958e-01 -2.626661853555159465e-01
2.877863769082944501e-01 3.736749848445572453e-01 -1.755441151071033046e+00
3.086204119996840967e-01 2.436897589536597686e-02 8.361277536378575181e-02
1.126650170698243608e-01 6.640322934534246269e-01 2.617160675071469100e+00
6.157648135384885535e-02 7.879835447179933672e-01 -2.498049182979878768e+00
5.971955586789076120e-01 5.605985966210817739e-02 -4.134581920759926588e-01
3.899375671651336139e-01 6.710826348385107165e-01 2.640470982009258893e+00
3.475686788802448413e-01 8.917211437648522310e-01 5.938534972000755197e-01
7.047191339832103996e-01 7.670685893242086273e-01 2.244529005758122864e+00
5.123907876667923439e-02 5.828290424103447220e-01 3.034691725506447391e+00
1.705325706422944343e-01 7.805972269134490160e-01 -3.298191161270361826e-01
6.898802628046487584e-01 7.780536506190927071e-01 1.231868435166693310e+00
1.824090160965092244e-01 9.553408417927318208e-01 2.687577387913568039e+00
5.581644695978542625e-01 7.605513369113425792e-01 -2.258711961672571711e+00
2.757388496095699582e-01 8.367953804802243933e-01 1.075510632745168227e+00
2.804697659664201481e-01 9.428968942745706849e-01 2.856271978684071566e+00
1.046835350358589628e-01 4.210557679213853266e-01 -2.112049400010198141e+00
6.001345335273420289e-01 6.017497150105953763e-01 6.473799295662860942e-01
2.651481680919098305e-01 2.722270515681808889e-01 -1.925240898970463910e+00
5.632964123556011976e-02 2.128502148208906153e-01 1.768243933173766269e+00
6.957752577143345718e-01 7.341900787606685519e-01 1.617101719552800132e+00
3.674484179467232131e-02 8.535156264825982664e-01 -2.667480929238676968e+00
7.415331783147384170e-01 9.942584568538145318e-01 -2.489217349819636826e+00
5.894166871286574683e-01 6.974268539296035740e-01 -2.358936330751628230e+00
1.532258291741132872e-01 7.020524009002681032e-01 8.693570113490258766e-01
7.165628776276771195e-01 1.096533292508481972e-01 -1.157251323009065525e+00
6.292032071623877842e-02 6.457491118279853337e-01 2.518804444920422547e+00
8.757506476164677034e-01 1.873258021712024754e-02 1.029160264983237094e-01
8.220074234966207039e-01 2.281588431440248754e-01 -8.117308200102385518e-01
5.802377037238942714e-01 3.896951774876719621e-02 1.763040954770883628e-02
4.401785161260271528e-02 5.975008901477959489e-01 2.362575413599160346e+00
8.778825506652112587e-01 5.315864882193355179e-01 -2.528773620273013223e-01
8.409567468596264028e-01 9.152848585622531952e-02 7.691436643673476015e-01
7.975042309486739256e-02 8.307192589321102938e-01 -2.300914543172046134e+00
8.395224728528547509e-01 1.321162243055263308e-01 8.605807221633803294e-01
8.121209030711924737e-02 7.714279458904494957e-01 -2.560397904006525671e+00
5.316969621110576583e-01 7.326800150173872206e-01 -2.326069901453783562e+00
8.706406858832645146e-02 9.132492414128625668e-01 -2.979785603153258133e+00
1.247155094629699423e-01 4.951659577282782054e-01 -8.029408722711733892e-01
4.659460776452038488e-01 4.297305856649883404e-01 2.421864491231848326e+00
4.091489434526450752e-01 4.403732784063172367e-01 2.962036259769688762e+00
1.574518711587361841e-01 7.081370369127064635e-01 1.352176416151908311e+00
7.224650132544209180e-01 2.651533529961018210e-01 2.436603686114462430e-01
1.397203734160998856e-01 1.773583374972579341e-01 1.459242870974348127e+00
1.494015247852669703e-01 2.024205438292020834e-02 -1.781831530504522254e+00
7.077443767074460546e-01 1.350447770485862509e-01 -1.217867196554916154e+00
8.262328266247459529e-01 4.840885288854389623e-01 -1.411870742760440001e+00
7.113734122361148327e-02 5.586165685395615421e-01 1.320382555202551877e+00
5.417281154307322932e-01 2.858614463314775866e-01 -1.517807843826252112e-02
3.605839867413248578e-01 7.997913249011951997e-01 1.138028065358755114e+00
5.791087198603840636e-02 6.575571402701276824e-01 2.104352797331985769e+00
2.242799234620705129e-01 9.459187063514596927e-01 2.842772724300937526e+00
2.815437145315232703e-01 8.199277249304884885e-01 1.326156522592029541e+00
3.264177243854048949e-01 3.508469888927457370e-01 -1.011262250970577758e+00
4.719690671455007425e-01 8.894826479253005180e-01 -3.416149576746362548e+00
9.742725247339965033e-01 8.999551170330925831e-02 -5.439373271265145471e-01
9.582374861106419672e-01 6.154272011155644817e-01 5.194240841571429179e-01
7.923406742571531547e-01 8.557271416660947594e-01 2.788037710272299741e+00
5.386588021638074597e-01 1.763819429407258443e-01 2.918859173886072078e+00
2.286518392808251920e-01 5.925131680602453432e-01 6.334612305115927544e-01
9.706740499340900108e-01 9.852974999620989216e-01 9.476992270051348699e-01
5.307375035809328567e-01 9.658043622955639895e-01 2.627906315138623050e+00
1.481509723501069076e-01 9.179777718586589197e-01 2.955490910691354056e+00
4.667871860024654096e-02 6.579270554114037273e-01 2.384908922445394097e+00
6.269028661462560104e-01 9.003905398911253855e-01 1.162854644186381403e+00
8.555442092610529015e-01 9.718801538703844001e-01 8.980188586363702097e-01
8.496669740822861971e-01 7.512020735728312804e-02 3.191268095584728903e-01
4.231070194904353321e-01 9.426860686203031303e-01 -2.237484589906415078e+00
1.101781519921502805e-01 1.825632522916210143e-01 1.456158442660433039e+00
3.101012781389561601e-02 5.953171376458600283e-01 1.814025326755448253e+00
6.067631294728011992e-01 5.207069777557846724e-01 5.409284854219288396e-01
5.708567801131343433e-01 9.510173995559507709e-01 2.011110159151945354e+00
1.388063493922724601e-01 2.382732465055393267e-01 1.392437059372781505e+00
4.755730138306327182e-01 7.887912788690726318e-02 1.188818309999395417e+00
7.733098326741705275e-01 2.739731238670252145e-01 1.503646872578330851e-01
6.282289414513813064e-01 5.708105990516438438e-02 2.419217357565965343e-01
8.272534610484771900e-02 6.918656822157026598e-01 2.082666206021261068e+00
3.246535838022140408e-01 5.736379741665261767e-01 1.179679514062802248e+00
4.512750343601074632e-01 8.002176177003336721e-02 3.344558952865644974e-01
3.116439912644526911e-01 5.270398352042571233e-01 1.525099470402655921e+00
3.308411059321129111e-01 7.357957176671386934e-02 2.731300871132966712e-01
3.823300252749754491e-01 9.019013339380399508e-01 1.291228329692228449e+00
6.229415725990995467e-01 4.947569620593457174e-01 4.070430864380496505e-01
8.123756502020336168e-01 7.020253258843555111e-01 2.576499866522264703e+00
1.282591005223519542e-01 5.977651788298901092e-01 1.657819859943754803e+00
6.319244239948826891e-01 4.877677774804181077e-01 -4.529316736352596851e-02
5.484727134922821878e-02 9.975874617577362713e-01 1.541722986294840059e+00
2.622905935041305314e-01 4.590981255351650470e-01 -1.733121256007204680e+00
7.161506021317870854e-03 4.039156926247736701e-01 -2.917984533143852754e+00
1.466990770175349845e-01 4.306962340545990586e-01 -1.176735997894677421e+00
7.185806665033581675e-01 6.751891461381450688e-01 2.025378791240592946e+00
6.712899136999070926e-01 5.002892086120144244e-01 -1.790957836003836401e-01
2.389353615254712626e-01 8.705349076292847599e-01 2.227453520291989175e+00
