6.957991942596148949e-01 8.328558609916056898e-01 1.692926113754633199e+00
2.091438375479756917e-01 9.381826827574455407e-01 2.785162665116649006e+00
3.758151819684353856e-01 5.997435870136292868e-01 2.164704931043988978e+00
7.620119982799923308e-01 4.786720566514262587e-01 -1.378141528468689314e+00
9.531724208270795362e-01 6.006925233326199098e-01 9.889854980838029830e-01
2.059023253529476405e-01 7.871428802280179271e-01 1.048297603249982890e+00
1.922672480248114324e-01 1.914029161435714665e-01 1.445295695584025930e+00
3.825075740059998841e-01 2.611379313330816077e-01 -5.887794619090653825e-01
2.871957443046344038e-01 3.636924424265409739e-01 -1.629893981236595568e+00
3.180667885246843962e-01 2.765012973935484716e-02 3.343078148760454393e-01
1.089889862301066104e-01 6.733321212618006424e-01 1.947226653612943670e+00
5.349895885116931482e-02 7.820883237536269128e-01 -2.511125586855589731e+00
6.071955432589343227e-01 5.607742096128635195e-02 1.756130820467396991e-03
3.822047675690905533e-01 6.774232823139217929e-01 2.454794195823041925e+00
3.509739511263890166e-01 9.011234903299198962e-01 1.223318748895128927e+00
7.055990052662814982e-01 7.770298054409900956e-01 1.482695272311232104e+00
4.588320647127146212e-02 5.912738415172082984e-01 2.135999294913569990e+00
1.753760430833813111e-01 7.893459853803648230e-01 1.065179425942281766e+00
6.909914036770882229e-01 7.879917271916290211e-01 1.459452317777530928e+00
1.724796136320011219e-01 9.565269980631364577e-01 3.022697103549964126e+00
5.533111467476012901e-01 7.518080390603476548e-01 -2.077539499818808366e+00
2.809959443506706567e-01 8.453020222901921343e-01 1.017247404703143010e+00
2.782564691069511209e-01 9.526488846873973904e-01 1.793974088911942877e+00
1.003158520502272083e-01 4.120600275217838337e-01 -2.022799374211189161e+00
6.100167446915872871e-01 6.032800425916270415e-01 1.536364550943646878e-01
2.653425599868833862e-01 2.622289411571497864e-01 -1.551355912802388826e+00
5.637807236499135094e-02 2.228500975414879903e-01 1.565953194918437985e+00
6.964716559848153077e-01 7.441658007620512993e-01 1.501100087772730074e+00
2.757730536446469788e-02 8.495210957466023949e-01 -2.730672475495434348e+00
7.322752419685522041e-01 9.904781639273385618e-01 -2.753925952722533932e+00
5.839265242164239922e-01 6.890687374433888124e-01 -2.151983158782763361e+00
1.536944054562869033e-01 7.120414166810036249e-01 1.523921534553877688e+00
7.216909048271252791e-01 1.010682644845391914e-01 -1.032350061399640584e+00
6.066402228579285960e-02 6.554912428778515432e-01 1.798385829273011716e+00
8.844439757033051297e-01 2.367485163566893092e-02 5.169455822587130100e-01
8.317659835405545321e-01 2.259746943695735144e-01 -2.201898337757323409e-01
5.863792176655783228e-01 4.686140006568626643e-02 9.094861002931242666e-01
4.511433032484029465e-02 6.074405950948056354e-01 1.460927548555007061e+00
8.861422270160490555e-01 5.259493128114374194e-01 -5.988797545108631715e-01
8.501631755287326619e-01 9.543254414993179724e-02 4.010723623795595105e-01
7.057333683301610094e-02 8.267467172089133509e-01 -2.733069799510970732e+00
8.493920836942353558e-01 1.337258148869175101e-01 1.616623045440156170e-01
7.234295288398956414e-02 7.760472966424102337e-01 2.661416883937994360e+00
5.269451505697354543e-01 7.238811351411895689e-01 -2.065966230243430513e+00
7.706687446552067111e-02 9.130123666127304416e-01 3.165282349323685462e+00
1.315490004606633956e-01 4.878650399240263003e-01 -8.184562507152861599e-01
4.573370687946131663e-01 4.348183127223737565e-01 2.607834057814140127e+00
4.009516030263597375e-01 4.461007219840042448e-01 2.531742834971568712e+00
1.610981904680866827e-01 7.174485542699505780e-01 1.197558837986394398e+00
7.314248970849853704e-01 2.695941278995155344e-01 4.601443977947465291e-01
1.409024789335678318e-01 1.872882230225584033e-01 1.452308722184191048e+00
1.394274805612615298e-01 2.096208342232309257e-02 3.069527388524590172e+00
7.139251041402322473e-01 1.271835679557300758e-01 -9.045075968250502196e-01
8.278656968068414113e-01 4.742227428058392591e-01 -1.406774851062159382e+00
6.750282302097898590e-02 5.679326984997291605e-01 1.942766762932913949e+00
5.513801072294642891e-01 2.832462877670286483e-01 -2.645923810861282588e-01
3.649983668310185503e-01 8.087642423990726304e-01 1.113595673725354285e+00
5.498745161372441820e-02 6.671202785273494529e-01 1.867471276729920859e+00
2.148089909183074075e-01 9.491282914884344724e-01 2.814851281203534228e+00
2.834963303431655146e-01 8.297352369234520797e-01 1.374272168598947852e+00
3.313534609179691892e-01 3.421499488858749660e-01 -1.054602296848543785e+00
4.620692795632512229e-01 8.908948114520700567e-01 2.999902680792180476e+00
9.830408096626116476e-01 8.518747890281584689e-02 -5.015706024630770532e-01
9.613198564936747958e-01 6.249402969745265768e-01 1.257457046639672171e+00
7.846614344333199265e-01 8.621325515458801991e-01 2.446390113606991878e+00
5.297236052115604776e-01 1.808721829593168406e-01 2.675919922081864133e+00
2.368454129595347069e-01 5.982459989814882251e-01 6.105071758988993569e-01
9.736281652347771320e-01 9.948512009617245244e-01 1.270910082191078150e+00
5.272365659001055915e-01 9.751715088917780605e-01 1.928467531712335647e+00
1.383271393096157098e-01 9.198465426826375468e-01 2.953610393843943083e+00
4.576464372044244250e-02 6.678851911362324589e-01 1.662331585703403114e+00
6.274180708813493768e-01 9.103772592764359795e-01 1.519253033710874501e+00
8.622224090628808346e-01 9.793233821623867907e-01 8.395202652755927586e-01
8.579827460917234250e-01 8.067429917206803136e-02 5.888549400379781140e-01
4.171291517104102620e-01 9.507026200487252998e-01 2.211533768766772212e+00
1.115180432074360795e-01 1.924730803189482198e-01 1.436403011565246857e+00
2.921856184075830032e-02 6.051553433442532492e-01 1.750925438137866497e+00
6.165617321599397016e-01 5.227038216103716550e-01 2.010358086320065407e-01
5.716989113943180545e-01 9.609818772093580153e-01 1.486483341845330486e+00
1.428258884834202047e-01 2.474298455190778734e-01 1.157146596771430502e+00
4.816877108149105191e-01 8.679180637086350569e-02 9.128796690240925660e-01
7.826178093333371333e-01 2.776284720737505207e-01 3.742073214644427992e-01
6.365482295983921901e-01 6.262988362979318713e-02 5.882215681198195156e-01
7.965016251836308514e-02 7.013811036939880950e-01 1.883380235832223581e+00
3.280993578874235594e-01 5.830255532449519773e-01 1.219007739143709745e+00
4.582632516752013219e-01 8.717472051149290080e-02 7.970474048445921333e-01
3.122033517629124177e-01 5.370241787396510258e-01 1.514831066628736789e+00
3.405553460773175223e-01 7.595307938231038447e-02 2.396377684291116084e-01
3.830134151575802504e-01 9.118779555239453494e-01 1.502404033444670217e+00
6.324631276483473341e-01 4.978131016903416528e-01 3.105831765041424108e-01
8.047945553739066504e-01 7.085465988587790198e-01 2.431205535936106443e+00
1.229959229798995302e-01 6.062680584689668084e-01 2.125060471958696962e+00
6.415022418339415555e-01 4.906427392961308920e-01 2.916116236488512370e-01
4.689790219108688069e-02 3.654382722079851931e-03 2.489699918648986987e+00
2.626715458468414921e-01 4.491053844040948095e-01 -1.532691872236173980e+00
9.988189816151412659e-01 3.984018657747223635e-01 -2.557571927725244887e+00
1.472720471337870263e-01 4.207126622866453336e-01 -1.513467918250137600e+00
7.149032287174269529e-01 6.844884176865302372e-01 1.947377945477547057e+00
6.811379640346479913e-01 4.985525726097361221e-01 -1.745485856998167662e-01
2.379749291619277785e-01 8.804886792599310175e-01 1.666987834766509691e+00
