6.975455230980254218e-01 8.427021971420799451e-01 1.395263416413840218e+00
2.014939265343056729e-01 9.446230912447178829e-01 2.441823840230816334e+00
3.758801145407008049e-01 6.097433761994600632e-01 1.564303023938950599e+00
7.674829394125746163e-01 4.703013456228565259e-01 -9.919075364569964748e-01
9.517257137394243838e-01 6.105873218956290316e-01 1.715976498939548289e+00
2.090172867202044760e-01 7.966453544153281330e-01 1.254029229095118270e+00
1.943898772812533149e-01 2.011750420657900662e-01 1.356906252756806097e+00
3.898154203659287553e-01 2.543118503505796824e-01 -7.513256145587404733e-01
2.916121325377015738e-01 3.547205131482404350e-01 -1.113371860907098165e+00
3.242411971297424200e-01 3.551630278460281981e-02 9.053111415386829730e-01
1.070889547445395690e-01 6.831499560716685071e-01 1.761961680301616262e+00
4.350054178077695372e-02 7.822662453276044703e-01 3.123799557341495614e+00
6.166714209283572501e-01 5.927237673470974605e-02 3.251971166007742164e-01
3.766361501862599548e-01 6.857293343510593164e-01 2.161399037030346637e+00
3.490421923500939272e-01 9.109351317843457085e-01 1.765194294628378291e+00
7.042283098384048978e-01 7.869354197098781256e-01 1.708298751305693086e+00
4.518723939445896953e-02 6.012495936105590744e-01 1.640449341575468623e+00
1.802236563031743566e-01 7.980924501559920614e-01 1.064706064891502102e+00
6.895553641680534085e-01 7.978880795766489786e-01 1.714898484061561090e+00
1.627063790083683736e-01 9.586445166560715325e-01 2.928225533669463143e+00
5.471648955177755846e-01 7.439198456157199990e-01 -2.232706967143964771e+00
2.818342489085070013e-01 8.552668226127430051e-01 1.486867372145368016e+00
2.759037920708642955e-01 9.623681907718805162e-01 1.808290320610175916e+00
1.025009554020013397e-01 4.023016811791874092e-01 -1.350508672462656268e+00
6.191882652880311699e-01 5.992946680861376274e-01 -4.099216284162149893e-01
2.732971404209257882e-01 2.561688545143409601e-01 -6.510332853966009914e-01
5.956802851499938545e-02 2.323276594516538174e-01 1.246126779164218767e+00
6.952029445227025928e-01 7.540849928272299607e-01 1.698010321300880143e+00
1.761008350233380509e-02 8.503301002898899785e-01 -3.222581616183062714e+00
7.240056985537542955e-01 9.848554731381548022e-01 -2.544465506305648717e+00
5.825059987832337249e-01 6.791701462560703062e-01 -1.713331005719296085e+00
1.574169723697894097e-01 7.213227148431411440e-01 1.189357048790471882e+00
7.292441706246445277e-01 9.451477871038622969e-02 -7.146440204567321430e-01
5.639336017516671795e-02 6.645334464332279811e-01 2.012042057341549395e+00
8.934546867588053498e-01 2.801156540006306470e-02 4.485632590961107224e-01
8.416856933454176515e-01 2.272393513931584841e-01 1.268052583271479516e-01
5.931498628040908772e-01 5.422063673862563549e-02 8.270298949164619495e-01
4.206778488997808124e-02 6.169652242693888233e-01 1.880372036899524923e+00
8.916572030172418284e-01 5.176075480277559926e-01 -9.866378484463798060e-01
8.600498184101186272e-01 9.693397431345598947e-02 1.507129273209711906e-01
6.063538469421338173e-02 8.278589704565447738e-01 3.030136713239776736e+00
8.593699628042017480e-01 1.343905918923083698e-01 6.652676215006719795e-02
6.332456330479109552e-02 7.803680198917984923e-01 2.694803250121526439e+00
5.221604787596533237e-01 7.151000807813870930e-01 -2.069704609471578749e+00
6.707577564952277305e-02 9.134342012354980112e-01 3.099396670763030937e+00
1.356606139292951818e-01 4.787494140714276258e-01 -1.147068612414642974e+00
4.496028227114796660e-01 4.411571957095832275e-01 2.455022356808729267e+00
3.933942986919977680e-01 4.526495502149043282e-01 2.427565094731100270e+00
1.611604334229887192e-01 7.274483605588026869e-01 1.564571991113867133e+00
7.411636560741797775e-01 2.718649368633838659e-01 2.290792219631851978e-01
1.456516902974756278e-01 1.960885066214504979e-01 1.075921912094926602e+00
1.298634756592172423e-01 2.388266730806803267e-02 2.845214296462658776e+00
7.204470719658687683e-01 1.196030708954205352e-01 -8.603175497405814998e-01
8.295113109795307915e-01 4.643590744215795874e-01 -1.405482976637060233e+00
6.723032498000715285e-02 5.779289850511274418e-01 1.598049504418079358e+00
5.607487868883497262e-01 2.797494547070749071e-01 -3.572330474802463129e-01
3.660826325925338187e-01 8.187052870000391946e-01 1.462156169151685559e+00
4.971007399265602728e-02 6.756143520756916487e-01 2.126731368519465981e+00
2.060790192181800595e-01 9.540055442105082051e-01 2.632110456047304314e+00
2.860291481719121065e-01 8.394091623855580719e-01 1.314725169964434004e+00
3.352206739160144555e-01 3.329279825213868893e-01 -1.173722711620150960e+00
4.573905825437409312e-01 8.997327860050785553e-01 2.057675170942527831e+00
9.924679599278104503e-01 8.852347019137793427e-02 3.401188422340971629e-01
9.583227525177679951e-01 6.344805992631128433e-01 1.875185409482047927e+00
7.820324474896185318e-01 8.717807859776219859e-01 1.836821683507430025e+00
5.200835548536929531e-01 1.835310227622718726e-01 2.872471859855006748e+00
2.406801398492171562e-01 6.074815211476435328e-01 1.177242808600198254e+00
9.764692870274119807e-01 4.439111420182939582e-03 1.282716005206361753e+00
5.278645443316710706e-01 9.851517715681552545e-01 1.507957135614091726e+00
1.287431533555349339e-01 9.227008750445012675e-01 2.852134214067196805e+00
4.458521113734055519e-02 6.778153944967844069e-01 1.689014754931592144e+00
6.308294408018803034e-01 9.197773951938201797e-01 1.222670145799379604e+00
8.680641213474507012e-01 9.874396865913930288e-01 9.469377640647000938e-01
8.675153884625831369e-01 8.369567790193468970e-02 3.069345460423097416e-01
4.115935185397263663e-01 9.590306909777954747e-01 2.157433192965991786e+00
1.138037773174834372e-01 2.022083471143763800e-01 1.340184279167228043e+00
2.403341413551019629e-02 6.137060300578898175e-01 2.115909389885128000e+00
6.263758564556252129e-01 5.246229266905682032e-01 1.931084696802667366e-01
5.738234805090487445e-01 9.707535815682062363e-01 1.356707739133372392e+00
1.468655156071304591e-01 2.565776000359735187e-01 1.154951706417663537e+00
4.872878414398001956e-01 9.507664414743902115e-02 9.763947601370633889e-01
7.926175200982964464e-01 2.777045287444367405e-01 7.605740396983001750e-03
6.453809986403290511e-01 6.731840056500855429e-02 4.879902761189524596e-01
7.403646285684808981e-02 7.096567532824075153e-01 2.166836617397226217e+00
3.316323577993011695e-01 5.923806540793991049e-01 1.209700084383860341e+00
4.634842778207549641e-01 9.570354727649671434e-02 1.021481927691725966e+00
3.142585371141789485e-01 5.468107109738972182e-01 1.363802803360572025e+00
3.491413696179235249e-01 8.107950111292905326e-02 5.382592686486225020e-01
3.833106403303497833e-01 9.218735374077914324e-01 1.541069431493106379e+00
6.423022437625457437e-01 4.995996609788406206e-01 1.796202326878358624e-01
7.997213965471137165e-01 7.171642005853693380e-01 2.102863559425811601e+00
1.213599837418257305e-01 6.161333361036475109e-01 1.735128891275618646e+00
6.506188658539783232e-01 4.947521390670570618e-01 4.234848811906936072e-01
4.011590138536975936e-02 1.100315575376700078e-02 2.316106905730099363e+00
2.626701136923681457e-01 4.391053845066481554e-01 -1.570939542242722364e+00
9.911841024989856974e-01 3.919436445891564813e-01 -2.439493066948588584e+00
1.500442986980604354e-01 4.111046124707678495e-01 -1.289891466280680410e+00
7.104925714727415853e-01 6.934631657425986972e-01 2.027582124245051354e+00
6.910363973051897313e-01 4.999741980135018471e-01 1.426458037630449205e-01
2.332663790768389200e-01 8.893107853631361248e-01 2.061056020410242606e+00
