6.992609344095828128e-01 8.525539667309498526e-01 1.398402550894429774e+00
1.948209804366335118e-01 9.520710299110578534e-01 2.301366774851868691e+00
3.782913429946275219e-01 6.194483222241927711e-01 1.327273659116303239e+00
7.757390078440584702e-01 4.646588874657537338e-01 -5.995194772837941777e-01
9.476008280476390100e-01 6.196969496613340400e-01 1.995980506043667724e+00
2.125009940642475781e-01 8.060189227402010381e-01 1.214963934537668155e+00
2.022226122242496149e-01 2.073918148067518119e-01 6.708822527595511565e-01
3.951419171844611222e-01 2.458484921729905681e-01 -1.009068065804334280e+00
2.967556990803611461e-01 3.461447494375711198e-01 -1.030539037067669028e+00
3.303174482386698196e-01 4.345854254812410444e-02 9.177293692114614210e-01
1.034673183425306314e-01 6.924711013753124256e-01 1.941384393633770244e+00
3.364921778052562540e-02 7.839842137330392813e-01 2.968939315011868363e+00
6.240748222287884062e-01 6.599470142076696577e-02 7.372201384609298191e-01
3.729965003639464927e-01 6.950434606746032085e-01 1.943317653857120852e+00
3.511873907148730378e-01 9.207023281054886876e-01 1.354596131861191433e+00
7.004403620946197950e-01 7.961902266711471388e-01 1.959290005786981093e+00
4.363008835861355295e-02 6.111276136880627874e-01 1.727147673026927066e+00
1.844002073532725605e-01 8.071785065792113079e-01 1.139933304263420322e+00
6.872783633391533753e-01 8.076253927186398673e-01 1.800511392041197256e+00
1.542576920122990525e-01 9.639942538498456059e-01 2.577116012923801769e+00
5.449899861023248526e-01 7.341592222219718300e-01 -1.790039465403783892e+00
2.811046234871732441e-01 8.652401694303636370e-01 1.643823760914742804e+00
2.744435362475099449e-01 9.722609989136752340e-01 1.717345915037616022e+00
1.035812046860914437e-01 3.923601993236377483e-01 -1.462560189976634950e+00
6.269100932597267972e-01 5.929406636184386681e-01 -6.885270000954063496e-01
2.798619617601316167e-01 2.486254387903928109e-01 -8.546505772453969474e-01
6.290509103109863387e-02 2.417544305724377285e-01 1.230563850106292989e+00
6.961196352851413138e-01 7.640428880890842711e-01 1.478998376728563491e+00
8.138026999638708209e-03 8.535363669054026881e-01 2.815201650558646129e+00
7.155475216778300895e-01 9.795207525329515663e-01 -2.578892402056125466e+00
5.804774952110912656e-01 6.693780487658588241e-01 -1.775064249614515255e+00
1.601182272354000347e-01 7.309509660940700648e-01 1.297272966086929769e+00
7.372065456875863676e-01 8.846493711270440874e-02 -6.497459734211238347e-01
5.096199840185720170e-02 6.729298926628797251e-01 2.144964068102224175e+00
9.017297127861517714e-01 3.362618419805271652e-02 5.961513599622815240e-01
8.515247188514312171e-01 2.254522931702639954e-01 -1.796709421913090521e-01
5.978441051192818767e-01 6.305036431575222755e-02 1.082157741447796306e+00
3.638783079376502194e-02 6.251955414847161219e-01 2.174864511753247243e+00
8.929181015199145754e-01 5.076873597752097345e-01 -1.444369953566484677e+00
8.699988769552836620e-01 9.794205866750561873e-02 1.009799625816315827e-01
5.073640470753792292e-02 8.292767839927330797e-01 2.999331937260222070e+00
8.693675476920257328e-01 1.346103563360941946e-01 2.197821373545823243e-02
5.486233884018480028e-02 7.856963176603751764e-01 2.579651584558820154e+00
5.194194412224908408e-01 7.054830795221657125e-01 -1.848453965799937926e+00
5.797406829548314156e-02 9.175765343029155252e-01 2.714492374266059382e+00
1.386884659326069469e-01 4.692188258290345693e-01 -1.263182643692595919e+00
4.433155504024534066e-01 4.489334548945738690e-01 2.250711716232326687e+00
3.853458141719797725e-01 4.585843540811690988e-01 2.506216396087361353e+00
1.616437443766271242e-01 7.374366742564242294e-01 1.522446395566072752e+00
7.511586857213172763e-01 2.715496871959082181e-01 -3.153019079314928197e-02
1.515128990261373210e-01 2.041907428707251393e-01 9.445335484096163414e-01
1.224903835184838752e-01 3.063822148846329432e-02 2.399874907025133286e+00
7.301908936076763057e-01 1.173540844986978027e-01 -2.268390097005048289e-01
8.323768355295620980e-01 4.547784288768801919e-01 -1.280169882878802623e+00
6.379893451621267142e-02 5.873218312377196382e-01 1.921053147364167213e+00
5.702867464570037237e-01 2.767449036146950592e-01 -3.051697739420023425e-01
3.693209932768414250e-01 8.281664190717487051e-01 1.241015082555445126e+00
4.553933510654092215e-02 6.847030779018923319e-01 2.001019763805599982e+00
1.979153303385552676e-01 9.597808523301404326e-01 2.525891808792389170e+00
2.849493110720359157e-01 8.493506890207248583e-01 1.678991002662817644e+00
3.374450309522512570e-01 3.231785089060913441e-01 -1.346484272855863029e+00
4.554464113828176619e-01 9.095419754974389814e-01 1.766459519633990505e+00
9.919713654639958911e-01 9.851113227709692999e-02 1.620476206393925755e+00
9.541055519319611156e-01 6.435478601074401395e-01 2.006137810994677473e+00
7.785181810237642441e-01 8.811429401745454193e-01 1.929890839813815040e+00
5.172024903170069354e-01 1.931070066352454651e-01 1.863045183809581617e+00
2.462954932782041306e-01 6.157560486790234489e-01 9.745561872780195145e-01
9.791081625792523724e-01 1.408464592180072757e-02 1.303745912997119616e+00
5.310675075107116339e-01 9.946249456335733985e-01 1.244754059180487316e+00
1.207174622758744459e-01 9.286664666072768082e-01 2.502385697751270843e+00
4.302447826165591710e-02 6.876928492747500510e-01 1.727510290460947617e+00
6.331830699765436110e-01 9.294964707521319314e-01 1.333204368180567867e+00
8.763702287350956244e-01 9.930082214134904328e-01 5.905927704400090184e-01
8.765887456963902258e-01 8.789974599221583862e-02 4.338936290963825160e-01
4.085564452834111737e-01 9.685583447307283267e-01 1.879377701700681191e+00
1.210752575306548173e-01 2.090731541407578886e-01 7.566380619626524862e-01
2.246469152471922137e-02 6.235822190683529831e-01 1.728319228270722263e+00
6.360733851901747560e-01 5.270638151441002783e-01 2.465800072056182068e-01
5.754399354247028420e-01 9.806220704852419701e-01 1.408438480727608688e+00
1.516597548092004644e-01 2.653534344962020786e-01 1.070798170947751426e+00
4.905682123766718639e-01 1.045232925751369557e-01 1.236571389818893252e+00
8.026135106686882459e-01 2.779876762618861408e-01 2.831853655207586251e-02
6.551567866155983966e-01 6.942409984614537899e-02 2.121579228570634468e-01
6.696095984157750258e-02 7.167233831072177264e-01 2.356821919548043098e+00
3.376613841813399519e-01 6.003588017895308271e-01 9.236619620529247232e-01
4.681227041680257606e-01 1.045627233680384016e-01 1.088468565874152638e+00
3.171443542565908214e-01 5.563852636747058655e-01 1.278051128008274473e+00
3.550947516478698551e-01 8.911425328119859657e-02 9.331098184668878970e-01
3.855596259722888219e-01 9.316173592238117251e-01 1.343957394557189211e+00
6.522971198928190217e-01 4.992795810817952651e-01 -3.201345765088058071e-02
7.929031427370685225e-01 7.244793502750068726e-01 2.321051412211354581e+00
1.184200400639695283e-01 6.256914076231033794e-01 1.869199546188012651e+00
6.603339535620322831e-01 4.971221751057744442e-01 2.392804141378649940e-01
3.384249682187926572e-02 1.879060688894445760e-02 2.248929655068187650e+00
2.625502508779347655e-01 4.291061028871658856e-01 -1.582782895270185008e+00
9.826057911075432028e-01 3.868043281296019709e-01 -2.601830882623306529e+00
1.509888843404333658e-01 4.011493245309730726e-01 -1.476196729055701873e+00
7.068437513604101108e-01 7.027737034170751240e-01 1.944302400672193176e+00
7.010179073823521456e-01 5.005820274135016623e-01 6.082043012470518539e-02
2.333879883316451742e-01 8.993100458952527632e-01 1.558635101551609559e+00
