6.966598317094202519e-01 8.622097559137772427e-01 1.833932728883051366e+00
1.914965154805236824e-01 9.615022510809593248e-01 1.909692759017967312e+00
3.778989411720101166e-01 6.294406202986903009e-01 1.610046586326627782e+00
7.850492467791644335e-01 4.610093051648270213e-01 -3.735879381959358314e-01
9.441835317126253679e-01 6.290949327299877325e-01 1.919553040482627981e+00
2.150060458868298385e-01 8.157000753247943825e-01 1.317594286487783650e+00
2.100655573227583062e-01 2.135957016675656406e-01 6.692381930171584781e-01
4.010275538882951962e-01 2.377639834933934493e-01 -9.415152817062163448e-01
2.985274897325533305e-01 3.363029631218251714e-01 -1.392676902678949169e+00
3.336961940297221152e-01 5.287045398414210590e-02 1.226138571767066310e+00
9.777974508975297019e-02 7.006961552045762875e-01 2.175790550552307412e+00
2.734079552389068885e-02 7.917433250630817598e-01 2.253434526675964999e+00
6.281771823086677031e-01 7.511449537540283716e-02 1.148083493130973576e+00
3.704545462992461791e-01 7.047149894851353347e-01 1.827812019240364627e+00
3.489390999518313108e-01 9.304463102814176656e-01 1.797563944799627889e+00
6.994677971819099893e-01 8.061428201768905399e-01 1.668206796398223446e+00
4.129761767782205717e-02 6.208517887442435157e-01 1.806211850414968234e+00
1.866483866572210548e-01 8.169225144721318221e-01 1.344040147537089558e+00
6.836115105046804974e-01 8.169288431694305963e-01 1.946239945316436737e+00
1.492318733335262770e-01 9.726395500627060819e-01 2.097378961241082695e+00
5.403123877301413414e-01 7.253206661482375361e-01 -2.057550865178176203e+00
2.784963188370836451e-01 8.748940156510324195e-01 1.834678672495403617e+00
2.717287459346824918e-01 9.818854424590122143e-01 1.845725770664727650e+00
1.079138264386634571e-01 3.833475199912116937e-01 -1.122687145612400350e+00
6.350073721917109948e-01 5.870726082422816905e-01 -6.271080687548973298e-01
2.879729728813456013e-01 2.427763791572942753e-01 -6.247641158395684791e-01
6.982768425445312621e-02 2.489709188502614023e-01 8.061811781097800722e-01
6.936274133620833338e-01 7.737273514137207320e-01 1.822673348811101324e+00
9.988043479328966301e-01 8.571255778324812225e-01 2.774480946713487661e+00
7.074109575826738050e-01 9.853342131826345884e-01 2.521210597962381339e+00
5.815797433941758410e-01 6.594389819614305814e-01 -1.460347083045655303e+00
1.604456090396027823e-01 7.409456057151008190e-01 1.538052295484956034e+00
7.471037968297346010e-01 8.703510501443365022e-02 -1.434749434748933683e-01
4.964234023610094443e-02 6.828424353399910052e-01 1.703148206839570467e+00
9.109440324074137285e-01 3.751158172175950850e-02 3.990463031422117890e-01
8.610361215026486326e-01 2.223647019398038438e-01 -3.138881353372349192e-01
6.047094994042659932e-01 7.032129006916958136e-02 8.140774998469172408e-01
3.183467720979046844e-02 6.340988438181618392e-01 2.043522712707875222e+00
8.955518590570277215e-01 4.980404265197290181e-01 -1.304276484272044456e+00
8.791544972109347489e-01 1.019638266536420784e-01 4.138931625583162632e-01
4.259940221891908574e-02 8.350896310146501689e-01 2.521286012010365507e+00
8.793630861890621153e-01 1.349090370255672522e-01 2.987251162275983418e-02
4.948860135542115790e-02 7.941297597479718418e-01 2.138116243294408747e+00
5.179417420620970880e-01 6.955928618708007161e-01 -1.719109379605808563e+00
4.989716653086652409e-02 9.234726056970501418e-01 2.511020299319079552e+00
1.419027364407282332e-01 4.597494823934725194e-01 -1.243560202267108616e+00
4.353090172676547520e-01 4.549247341537447364e-01 2.499181192366390025e+00
3.774407603808513922e-01 4.647089050491476359e-01 2.482430054586123536e+00
1.610065528663947310e-01 7.474163529576294263e-01 1.634558674796487532e+00
7.609822439095820235e-01 2.696794720955050240e-01 -1.881292794091876941e-01
1.594744536000171076e-01 2.102416641862880631e-01 6.498815828974365827e-01
1.187112142912947060e-01 3.989661659519029568e-02 1.958341653804889670e+00
7.400890385973132313e-01 1.187777156883411539e-01 1.428484434156571115e-01
8.376539606878748989e-01 4.462841984783389448e-01 -1.014891007019780522e+00
6.194545362956734025e-02 5.971485605309707623e-01 1.757222403670458899e+00
5.781332488226141875e-01 2.829442907316985778e-01 6.686645917227582725e-01
3.704324547117985866e-01 8.381044597980993327e-01 1.459420061727437989e+00
4.297305524167477353e-02 6.943681804701624660e-01 1.830328050792768391e+00
1.946389200084539806e-01 9.692288751576322303e-01 1.904602033750024681e+00
2.855058579587362311e-01 8.593351897875586287e-01 1.515112866786847423e+00
3.441388804538491053e-01 3.157493515615495960e-01 -8.374157348557629277e-01
4.518100566443468136e-01 9.188573887580517852e-01 1.942963905575436190e+00
9.881236857519528627e-01 1.077412655823928034e-01 1.965752754326468121e+00
9.497275939443290405e-01 6.525386044514045469e-01 2.023941898837775977e+00
7.732663021633076061e-01 8.896528031837300787e-01 2.123732211069992548e+00
5.180408119503607800e-01 2.030718055212767936e-01 1.486865658561739467e+00
2.492694361296874939e-01 6.253035962131345826e-01 1.268834035314883035e+00
9.811470841922212971e-01 2.387457945866237191e-02 1.365464363189202945e+00
5.362046458495665080e-01 3.204561574130737611e-03 1.031288446714620388e+00
1.146064596615009312e-01 9.365819986201688874e-01 2.228246176288426916e+00
3.751889407499714446e-02 6.960408156596615825e-01 2.153829345008948071e+00
6.341518358957053403e-01 9.394494347626100028e-01 1.473767558985041193e+00
8.845809968996145578e-01 9.987163985435839608e-01 6.075014140312774424e-01
8.865400105908087802e-01 8.888581242056248222e-02 9.876714259551816477e-02
4.093532999195939603e-01 9.785265453049941664e-01 1.491026290526287656e+00
1.270117603646943594e-01 2.171203855964475016e-01 9.352089612223378756e-01
1.972600107021478186e-02 6.331998889833795330e-01 1.848209918722122147e+00
6.459732269504336877e-01 5.256520314773037716e-01 -1.416516023850744599e-01
5.781911781950269669e-01 9.902361571927112971e-01 1.292077361231377397e+00
1.568119817843434127e-01 2.739239979080559939e-01 1.029528857839779210e+00
4.945525791115440439e-01 1.136952510204224664e-01 1.160984576184731942e+00
8.122522264943674575e-01 2.753240026272603114e-01 -2.696222606360927920e-01
6.638900451978002604e-01 7.429546459705424488e-02 5.088078697295289610e-01
6.300590731465049998e-02 7.259080202535206361e-01 1.977414219058067468e+00
3.409220665288091312e-01 6.098122641514860387e-01 1.238654825466413589e+00
4.743626707963004563e-01 1.123769934221137135e-01 8.969494337953100027e-01
3.168735290402567850e-01 5.663815956871091073e-01 1.597882160192652279e+00
3.588655008812423053e-01 9.837608086645525940e-02 1.184160275378036475e+00
3.857385157974695389e-01 9.416157590173009906e-01 1.552906390013532034e+00
6.622969842398650497e-01 4.993316679388501433e-01 5.208709258071000936e-03
7.867250408688842844e-01 7.323426229592229220e-01 2.236751110678031118e+00
1.130743799634428143e-01 6.341426748706607830e-01 2.134790469921612477e+00
6.702000530062151018e-01 4.987531508129802171e-01 1.638294540547766687e-01
3.137751293584374601e-02 2.848203890086020013e-02 1.819861812249116362e+00
2.603215334406927539e-01 4.193576251298474222e-01 -1.795555648331348841e+00
9.729169415723769587e-01 3.843292130444173060e-01 -2.891481652031830052e+00
1.511617286841987762e-01 3.911508184009140354e-01 -1.553511031677022869e+00
7.039450497372312654e-01 7.123443632114561108e-01 1.864887499550213379e+00
7.108658831388897648e-01 4.988449685490277674e-01 -1.745915245336249200e-01
2.297104437183525305e-01 9.086092751975789472e-01 1.947389433216506482e+00
