6.972676471490134587e-01 8.721912668410563008e-01 1.509977295296834443e+00
1.879468247298595462e-01 9.708510315134355473e-01 1.933677314748086129e+00
3.799500397771320981e-01 6.392280098644563813e-01 1.364220373853286095e+00
7.925216837823314542e-01 4.543638040374702314e-01 -7.268915943913480948e-01
9.415075780493120661e-01 6.387302465282923558e-01 1.841692843750543540e+00
2.162448956912678688e-01 8.256230411698450844e-01 1.446592250390082324e+00
2.189362500356716867e-01 2.182120650407269324e-01 4.798389706240381858e-01
4.071563714984190452e-01 2.298622371862891756e-01 -9.110938788635282171e-01
3.047953487829186958e-01 3.285110478935418521e-01 -8.933749033271749518e-01
3.351084738709567690e-01 6.277022497391970823e-02 1.429094604799476809e+00
9.306945417360336370e-02 7.095173319676413293e-01 2.061253356820737181e+00
2.370071246984090801e-02 8.010572820825025975e-01 1.943364167685546651e+00
6.339016972937375760e-01 8.331388121738578234e-02 9.613037249208019608e-01
3.717846354174725310e-01 7.146261379018212789e-01 1.437392074469193703e+00
3.501218117464111046e-01 9.403761236135483870e-01 1.452247666161535555e+00
6.964855025090577190e-01 8.156877622136069483e-01 1.873633498505189898e+00
3.616536778002470837e-02 6.294343298007465393e-01 2.109734530123450469e+00
1.875215860287570424e-01 8.268843176652063143e-01 1.483365041404154372e+00
6.788542080527718570e-01 8.257247554803318623e-01 2.066590382020812910e+00
1.435114882280390525e-01 9.808418176909244890e-01 2.179785335601025942e+00
5.382131269948969843e-01 7.155434935321147716e-01 -1.782295674636717120e+00
2.769978802985775257e-01 8.847811123910426234e-01 1.721206668459080324e+00
2.691471525592695757e-01 9.915464659888471033e-01 1.831912797499287260e+00
1.102780749912642272e-01 3.736310222280500581e-01 -1.332111590858796601e+00
6.430934590218700952e-01 5.811891398965584044e-01 -6.290128597770818786e-01
2.977077603726923649e-01 2.404886045839766673e-01 -2.308216477893041962e-01
7.490006101132311300e-02 2.575889809315163870e-01 1.038819844358594979e+00
6.898401183603104503e-01 7.829824255122650456e-01 1.959219476753342404e+00
9.902641476304230306e-01 8.623279790851364757e-01 2.594460556434248222e+00
7.080710713939861733e-01 9.953124018838024334e-01 1.504736910620769086e+00
5.828897142606230819e-01 6.495251544296919421e-01 -1.439421660273023207e+00
1.586577095090820622e-01 7.507844783775944331e-01 1.750552776860931470e+00
7.553723493229026476e-01 9.265925292035896710e-02 5.973033606458096889e-01
4.554008418823960597e-02 6.919622760906721792e-01 1.993497753210855095e+00
9.195742201204467614e-01 4.256330024497654435e-02 5.295810830164922045e-01
8.710289586665175277e-01 2.219862770246618655e-01 -3.785152942258285247e-02
6.114223698202073676e-01 7.773326489230403258e-02 8.348524662703021848e-01
2.759499548094765387e-02 6.431556147017668534e-01 2.008618620104211772e+00
9.015363848520689949e-01 4.900288442160585789e-01 -9.292280938220743858e-01
8.891526862034385692e-01 1.017735193490662687e-01 -1.903187936732558816e-02
3.780474668471192623e-02 8.438652380197693148e-01 2.070841924003242518e+00
8.893628780039557480e-01 1.348445106062752807e-01 -6.452686707702225827e-03
4.692285083862969552e-02 8.037950028533253910e-01 1.830273282183505934e+00
5.201825358350085082e-01 6.858471529039127379e-01 -1.344798037529713275e+00
4.466187554925641484e-02 9.319926836507940182e-01 2.121784127557940547e+00
1.452281439241664418e-01 4.503185935133566797e-01 -1.231799955877257213e+00
4.265938034835971560e-01 4.598283092473037237e-01 2.629092735022391381e+00
3.699130012655974520e-01 4.712916736690150876e-01 2.423065235408681684e+00
1.620427937156265485e-01 7.573625182941992051e-01 1.466985888260708748e+00
7.708883690037990899e-01 2.683124733326219813e-01 -1.371292452676289297e-01
1.678919439333627084e-01 2.156403544430108288e-01 5.702815037989444891e-01
1.174831132520564592e-01 4.982091847680503865e-02 1.693917255202018746e+00
7.500179556010746484e-01 1.199679287501153602e-01 1.193041235165116509e-01
8.419039842763200721e-01 4.372322760583410850e-01 -1.131831835282255394e+00
5.729208620145135461e-02 6.059998978072781428e-01 2.054811342849388822e+00
5.824702204213961787e-01 2.919548776910125265e-01 1.122204453290695403e+00
3.730506854734692568e-01 8.477556186755939027e-01 1.305885635268435152e+00
3.720908160797888053e-02 7.025398760072011362e-01 2.185109449843207319e+00
1.921994010733635849e-01 9.789267485000375801e-01 1.817235113062281915e+00
2.882032949938010957e-01 8.689645113338494431e-01 1.297669467820139255e+00
3.529275694526872176e-01 3.109787178843844146e-01 -4.973102934923081531e-01
4.539988949593851131e-01 9.286148980114740104e-01 1.350125910538619189e+00
9.898719946038860851e-01 1.175872503558043486e-01 1.395062321426238094e+00
9.440894895183175040e-01 6.607976466768317181e-01 2.169788561957111561e+00
7.721153570457022219e-01 8.995863486402254638e-01 1.686146469974086681e+00
5.186726674029473738e-01 2.130518234915530218e-01 1.507568662020861261e+00
2.490018744526554251e-01 6.353000161097267506e-01 1.597555687950329872e+00
9.835431787266708525e-01 3.358327303617222870e-02 1.328832760523524614e+00
5.394851179780467687e-01 1.265117486219669192e-02 1.236560677893117077e+00
1.082874541256336476e-01 9.443324933810005595e-01 2.254799265087464200e+00
3.059892595837043761e-02 7.032598212189383746e-01 2.335047773797414017e+00
6.323429293657389927e-01 9.492844669011363257e-01 1.752688295119733120e+00
8.930248129475992780e-01 4.073820549343576403e-03 5.653864894237874417e-01
8.957731956028406328e-01 9.272616325526381043e-02 3.941625423988064369e-01
4.102365182216114459e-01 9.884874652138671003e-01 1.482359262265869226e+00
1.319023542336009436e-01 2.258428904895050660e-01 1.059785275262776105e+00
1.399232445887807832e-02 6.413928708896582398e-01 2.181406720247802689e+00
6.558300577674487375e-01 5.239659454045476616e-01 -1.694178956699449734e-01
5.832715719651544450e-01 9.988494956361053667e-01 1.037889332335788506e+00
1.608921881977385115e-01 2.830537249370579933e-01 1.150511354730403557e+00
4.989870161272906279e-01 1.226582732982803431e-01 1.111359167811155402e+00
8.221641786789843920e-01 2.739999165689292471e-01 -1.327985892831249626e-01
6.721435114946057165e-01 7.994172832517539018e-02 5.999804922080266278e-01
5.938099379672225758e-02 7.352278916038956780e-01 1.941735996332954572e+00
3.421488557252493901e-01 6.197367282814779665e-01 1.447807582201650289e+00
4.810436429394255309e-01 1.198177333868475358e-01 8.391477381084819775e-01
3.155207818895570671e-01 5.762896769920982099e-01 1.706487047658514111e+00
3.595604466810614630e-01 1.083519041575582847e-01 1.501245687588459887e+00
3.900222874364629999e-01 9.506517592687925289e-01 1.128100283351070710e+00
6.717145159331445736e-01 4.959686192020524298e-01 -3.429904672051865000e-01
7.828471024334976436e-01 7.415600842958031125e-01 1.969033257480907961e+00
1.100127525378042093e-01 6.436624667542356626e-01 1.881955911523738756e+00
6.791768598956455794e-01 4.943466853280508722e-01 -4.563187894731254302e-01
2.966610355118358758e-02 3.833450447644569381e-02 1.742783903032321335e+00
2.611544981743705307e-01 4.093923770269425333e-01 -1.487403228749106132e+00
9.629487534342562327e-01 3.835322028543766137e-01 -3.061807012302625530e+00
1.538344092608506519e-01 3.815145961880762604e-01 -1.300239490768476669e+00
7.033880706798137927e-01 7.223288398792439002e-01 1.626523071014019051e+00
7.201312917271359693e-01 4.950830270698374225e-01 -3.856852616243507947e-01
2.261338713401706835e-01 9.179478045263130825e-01 1.936554305531609232e+00
