6.923473069720287310e-01 8.808970265748617967e-01 2.085220945865750686e+00
1.863412811035853323e-01 9.807213015028598546e-01 1.732048603021625333e+00
3.799111304933199262e-01 6.492279341675515347e-01 1.574687264993849922e+00
7.974415054929537838e-01 4.456577512960903098e-01 -1.056431261129288535e+00
9.368367762456878411e-01 6.475723961827181130e-01 2.056782053307308011e+00
2.151542433175474556e-01 8.355633871094840792e-01 1.680078955795673457e+00
2.280523468881114346e-01 2.223226341226106628e-01 4.236131462986940655e-01
4.131549167846806925e-01 2.218611463576166398e-01 -9.274770448220328589e-01
3.135782453863772412e-01 3.237297586058123788e-01 -4.985231162277578010e-01
3.322691733723217578e-01 7.235867493616339463e-02 1.858686696384782788e+00
8.865294129157448577e-02 7.184891998870254204e-01 2.028234685947353899e+00
2.089122471870437717e-02 8.106545097330386529e-01 1.855578886058280030e+00
6.415077608803327891e-01 8.980601466615829864e-02 7.065497322656661972e-01
3.721302660529923756e-01 7.246201630900920287e-01 1.536226378004112325e+00
3.525502026397977495e-01 9.500767894499184685e-01 1.325504847588166557e+00
6.931802542469142070e-01 8.251257351911904792e-01 1.907655927219804814e+00
2.872249197499527132e-02 6.361129224482215960e-01 2.410263811887789487e+00
1.892204077269799833e-01 8.367389614861491243e-01 1.400086227073390477e+00
6.766861467923648288e-01 8.354869022919262367e-01 1.789337909764832979e+00
1.391827860597706357e-01 9.898563802171055359e-01 2.018470656736965907e+00
5.387077910811643999e-01 7.055557356535037128e-01 -1.521309722485654436e+00
2.742978715258133082e-01 8.944097131526795863e-01 1.844190269377420588e+00
2.676381196279227215e-01 1.431951288624278007e-03 1.722278292974843028e+00
1.132169470671010730e-01 3.640726211629206621e-01 -1.272505220346623167e+00
6.525815960632399548e-01 5.780307771111606874e-01 -3.213379187286446448e-01
3.072037188687850029e-01 2.373538362926214673e-01 -3.188522083246637107e-01
8.187544481731544310e-02 2.647544551488379416e-01 7.988399900670000164e-01
6.873033238695597236e-01 7.926553089350969472e-01 1.827278575911612579e+00
9.834521406179399516e-01 8.696489462659044989e-01 2.320197798204566286e+00
7.087531535815673189e-01 5.289112959572017658e-03 1.502535108793723762e+00
5.868934266492746854e-01 6.403616241542491316e-01 -1.158874390097471618e+00
1.590512607293220193e-01 7.607767312485463895e-01 1.531431038646865250e+00
7.619736656985217627e-01 1.001707522453262056e-01 8.498023313657568911e-01
3.974830407717162839e-02 7.001142870784614614e-01 2.188516329332785393e+00
9.291810032495443350e-01 4.533993812386642036e-02 2.813614155675783213e-01
8.808257690307291776e-01 2.239918958039103791e-01 2.019314186456349081e-01
6.188331313993723493e-01 8.444747466090467281e-02 7.361245765029751364e-01
2.301985473267985707e-02 6.520476384946690684e-01 2.045993828207369525e+00
9.039081293670638839e-01 4.803141734570677279e-01 -1.331340050844229461e+00
8.991513416618341914e-01 1.019374980802965902e-01 1.639860808331386477e-02
3.367042507100194426e-02 8.529705872604306238e-01 1.997016567859964509e+00
8.992950141815391207e-01 1.360075544360339339e-01 1.165681945786072315e-01
4.410941054540089973e-02 8.133910725548457732e-01 1.855990752968263102e+00
5.227708704248230642e-01 6.761879332640469142e-01 -1.308982016620388489e+00
3.849065514261947041e-02 9.398613581702227604e-01 2.235876271598119747e+00
1.461119935529098524e-01 4.403577296033451272e-01 -1.482295881724099873e+00
4.184134927058213438e-01 4.655800494690979230e-01 2.528775788478747177e+00
3.609578661873753536e-01 4.757420169963097467e-01 2.680380054525502764e+00
1.617655136193738852e-01 7.673586733424275774e-01 1.598527890728806744e+00
7.805483744611592112e-01 2.657270730611411835e-01 -2.615105383310323273e-01
1.730700104428612440e-01 2.241953311947740834e-01 1.026511199476859870e+00
1.177572762018312541e-01 5.981715950415981281e-02 1.543376596064053974e+00
7.569818605098438402e-01 1.271445594652643729e-01 8.004407167143261503e-01
8.440080158304508195e-01 4.274561290044541217e-01 -1.358808998510655730e+00
5.032632604184186786e-02 6.131747277982115829e-01 2.341410482102039836e+00
5.850411133470992953e-01 3.016187542198476290e-01 1.310787282114316055e+00
3.745977323071073561e-01 8.576352262636780521e-01 1.415467795801358841e+00
3.237653943110040122e-02 7.112946767535739401e-01 2.075164308767133203e+00
1.907022748386046629e-01 9.888140440370990492e-01 1.721073940866051810e+00
2.864962201018252941e-01 8.788177288445504498e-01 1.742343979930393250e+00
3.623694145062668626e-01 3.076845469743991202e-01 -3.356861409277007158e-01
4.585771517317846491e-01 9.375053178511654206e-01 1.095248364651127959e+00
9.986067377865566197e-01 1.224559525989888376e-01 5.085030257365412698e-01
9.405163184719668168e-01 6.701374779747472088e-01 1.936190105282827423e+00
7.687019123816064559e-01 9.089857313606575229e-01 1.919143230841507286e+00
5.212452045547197876e-01 2.227152624551286264e-01 1.310617136802003202e+00
2.473999600655983622e-01 6.451708757630973956e-01 1.731680919992137246e+00
9.912694745600725277e-01 3.993184395369053091e-02 6.878235425072642961e-01
5.420175863179181874e-01 2.232519182039708477e-02 1.314761296687112946e+00
1.065155428039906704e-01 9.541742579721820272e-01 1.748928011854143927e+00
2.459714428217908005e-02 7.112584846517460146e-01 2.214520163716874546e+00
6.340325472452543742e-01 9.591406929243777579e-01 1.401020109556654791e+00
9.021762757210175510e-01 8.105039857039328041e-03 4.149256941423590250e-01
9.051427586377949197e-01 9.622062866988993768e-02 3.569803401849358515e-01
4.132794191447334842e-01 9.980132593525236073e-01 1.261603234087876890e+00
1.355451203709156227e-01 2.351557984601033713e-01 1.197940398429755193e+00
1.117892745191740103e-02 6.509889532820319902e-01 1.855986242138221165e+00
6.656947511141082519e-01 5.223264865986083638e-01 -1.646893382267696770e-01
5.856060622205179200e-01 8.573186049092296201e-03 1.335173112046156518e+00
1.706112080621194904e-01 2.854075840823273591e-01 2.376156204598963706e-01
5.024357126901632942e-01 1.320447791453583930e-01 1.218696408109346763e+00
8.320750066822359958e-01 2.726674420701246659e-01 -1.336449327216618355e-01
6.772627708076159880e-01 8.853202425058782910e-02 1.033371045568017399e+00
5.728304325088316024e-02 7.450053454394918173e-01 1.782161671626582233e+00
3.419204480170828786e-01 6.297341194371169903e-01 1.593639084086050373e+00
4.858004746235258242e-01 1.286139002980162538e-01 1.075055791997380217e+00
3.157639464504310434e-01 5.862867201047557986e-01 1.546477473723286478e+00
3.573137668147821633e-01 1.180962578856643852e-01 1.797398625732191890e+00
3.935277069626659241e-01 9.600172295690665436e-01 1.212646614756435204e+00
6.808308501766049403e-01 4.918585766278796845e-01 -4.235553912238951280e-01
7.802294955618630512e-01 7.512114124046993524e-01 1.835642374834096202e+00
1.049858602730114332e-01 6.523071387641019570e-01 2.097503147243601429e+00
6.888806882344219451e-01 4.919309627505263904e-01 -2.439857699264011692e-01
3.048743848766136480e-02 4.830071784573099214e-02 1.488570207487359243e+00
2.611120791053999080e-01 3.993924669962178875e-01 -1.575038246413380305e+00
9.530785959503801363e-01 3.819259677397423558e-01 -2.980270319269266555e+00
1.566970611400946567e-01 3.719330919106539901e-01 -1.280469710486081159e+00
7.006295261800764562e-01 7.319408340658302148e-01 1.850274857357892433e+00
7.292859643128111191e-01 4.910591023875043870e-01 -4.141287345620268678e-01
2.274459908223986915e-01 9.278613479122249652e-01 1.439204927980957782e+00
