6.890749535748347254e-01 8.903464553006564808e-01 1.904172670792425803e+00
1.865243878887899720e-01 9.907196249575802582e-01 1.552484624916416145e+00
3.772382556847042601e-01 6.588641025065474777e-01 1.841373319320661839e+00
8.032330284060226200e-01 4.375055575822854870e-01 -9.531078741551880507e-01
9.309016585687596157e-01 6.556206492951031084e-01 2.206211574889162197e+00
2.128248218689903215e-01 8.452882930583867083e-01 1.805898289871043838e+00
2.371753972712858372e-01 2.264177472719706985e-01 4.219183380245549175e-01
4.224246998929684915e-01 2.181099970503639907e-01 -3.845207556516266889e-01
3.204590736949637364e-01 3.164734371005484825e-01 -8.119526626330137997e-01
3.326560006847333328e-01 8.235119036674304338e-02 1.532103941877290154e+00
8.716442991547766750e-02 7.283777960403340357e-01 1.720202692352755580e+00
1.776006149890744720e-02 8.201516575623077898e-01 1.889268916172221591e+00
6.490544710759085234e-01 9.636704851944645489e-02 7.156437675437407053e-01
3.722516628679735651e-01 7.346194262036075395e-01 1.558656347102415740e+00
3.558608128248470504e-01 9.595128829320035413e-01 1.233368547512187607e+00
6.910432310977732140e-01 8.348947234735069056e-01 1.786159591148055004e+00
2.510415430739474860e-02 6.454353487699053815e-01 1.941030519983347302e+00
1.924536130939728806e-01 8.462018565534553671e-01 1.241559926118529722e+00
6.715451232243778712e-01 8.440641907138812794e-01 2.110757112479065611e+00
1.366869298433221747e-01 9.995399075572236613e-01 1.823048637441789133e+00
5.400716945319877782e-01 6.956491839135271471e-01 -1.433979539259295111e+00
2.725224417198796600e-01 9.042508436265734861e-01 1.749285528798839140e+00
2.653852477818685607e-01 1.117487530789367488e-02 1.798034115167582936e+00
1.203215870639161578e-01 3.570352856930389396e-01 -7.806389966919633494e-01
6.621229262749634970e-01 5.750369471575976776e-01 -3.040459231266039453e-01
3.171841003474634713e-01 2.367277488066809044e-01 -6.264972378640634720e-02
9.066264264819892671e-02 2.695278349033637388e-01 4.976227758569125581e-01
6.836872688242295881e-01 8.019786208954006179e-01 1.940785678805762471e+00
9.791379595895132182e-01 8.786704673158141077e-01 2.016860425043061511e+00
7.137578811495937092e-01 1.394663581370510393e-02 1.046651572583010337e+00
5.893839724572688121e-01 6.306767296489753649e-01 -1.319092373506564053e+00
1.614823708550031933e-01 7.704767159679575261e-01 1.325224523764082507e+00
7.668595351666245286e-01 1.088959043666740678e-01 1.060326826564987446e+00
3.475688822475268142e-02 7.087794915069917101e-01 2.093404173709225713e+00
9.388943118568989776e-01 4.771725507755376211e-02 2.400299268110602235e-01
8.908237267411081017e-01 2.237898027029016079e-01 -2.021068598875262051e-02
6.222602219341554219e-01 9.384189058028997998e-02 1.220997255621152799e+00
1.622485422558551243e-02 6.593843930979379486e-01 2.317877315116114278e+00
9.039098907587769238e-01 4.703141736121927430e-01 -1.570620187622677522e+00
9.080655106646570163e-01 1.064693399783677857e-01 4.703341636567759387e-01
3.233878723875090178e-02 8.628815277144802343e-01 1.704356840555169672e+00
9.088888527752352342e-01 1.388285934357831874e-01 2.859863743167761485e-01
3.895781995776118750e-02 8.219620185013175595e-01 2.111989544703663402e+00
5.277916923386281045e-01 6.675397341850562993e-01 -1.044791570301585315e+00
3.536346268274678101e-02 9.493598142194401568e-01 1.888850844718235944e+00
1.470875357064682920e-01 4.304054274823969073e-01 -1.473086710601479998e+00
4.103995544146262220e-01 4.715614199696535058e-01 2.500418204322936155e+00
3.519591372011334207e-01 4.801035392801195067e-01 2.690274338959914413e+00
1.609529475272735433e-01 7.773256054855681718e-01 1.652142620707458320e+00
7.904817424215582200e-01 2.645745970469362551e-01 -1.155042583720611027e-01
1.823593523010753059e-01 2.278977800926296760e-01 3.792726313239910274e-01
1.164099171725248433e-01 6.972597495537023737e-02 1.705943257041161898e+00
7.635160560047595801e-01 1.347145191239562667e-01 8.587033849862064638e-01
8.476028384829733531e-01 4.181246098303372793e-01 -1.203083316337189679e+00
4.609268692475197715e-02 6.222343249099073770e-01 2.007951531476910301e+00
5.896164607552851766e-01 3.105106716786641963e-01 1.095575584199252717e+00
3.738774417697627306e-01 8.676092516066281624e-01 1.642887809729537407e+00
2.909963787475573771e-02 7.207425292180246190e-01 1.904654026709935666e+00
1.876834586797438698e-01 9.983474982379121343e-01 1.877462063646944124e+00
2.888075765886566892e-01 8.885469441875666341e-01 1.337551549274682339e+00
3.714100729806453782e-01 3.034106150201387186e-01 -4.416073816606456703e-01
4.595379573333420731e-01 9.474590534612776782e-01 1.474567321610859905e+00
7.825175475324241958e-03 1.263315695277251460e-01 3.979850843686891793e-01
9.334172880460998023e-01 6.771804721542574734e-01 2.360156861539909112e+00
7.682195239639402207e-01 9.189740896549170035e-01 1.619053896696274863e+00
5.281938773595951098e-01 2.299066424514009666e-01 8.025609960617418048e-01
2.447025835281339268e-01 6.548002142562201477e-01 1.843916903131059160e+00
9.986554033921701823e-01 4.667336123744707937e-02 7.398156024546611587e-01
5.437989135231465765e-01 3.216525652485473924e-02 1.391707832007690770e+00
1.053929544603386531e-01 9.641110479674821487e-01 1.683292290207283548e+00
2.062543597974261789e-02 7.204359316366301114e-01 1.979228367258503152e+00
6.339687846998504073e-01 9.691404896392017410e-01 1.577172624542249713e+00
9.111730041988298501e-01 1.247068719695606023e-02 4.517767698864877945e-01
9.145163220122642933e-01 9.970434933389357712e-02 3.558338132704004786e-01
4.149908598525400838e-01 7.865719487112343700e-03 1.398805571337523590e+00
1.446246781895185185e-01 2.393464582910425631e-01 4.324163724833414157e-01
6.115865459248665849e-03 6.596124910281309095e-01 2.101692310508539663e+00
6.756566085547340839e-01 5.214539063257125351e-01 -8.736913831332310254e-02
5.874411786026899618e-01 1.840336142208965492e-02 1.386238753576658045e+00
1.803710913644539504e-01 2.832293559205377731e-01 -2.195831652648117527e-01
5.051803113620270125e-01 1.416607646970532153e-01 1.292768372487756778e+00
8.418725919311080830e-01 2.706656120845656321e-01 -2.015446964708789701e-01
6.799280115687722503e-01 9.817030686135780337e-02 1.301011475853870003e+00
5.406121321301845389e-02 7.544721195049859386e-01 1.898830875745370017e+00
3.402949504432488115e-01 6.396011229152485100e-01 1.734070558160917042e+00
4.908906020353954180e-01 1.372214901425042877e-01 1.036758889128210015e+00
3.117812542893069749e-01 5.954594058155888714e-01 1.980425509269186701e+00
3.535803472226901611e-01 1.273731958583676493e-01 1.953405185493684915e+00
3.927697749420162587e-01 9.699884651520860324e-01 1.646662284152908162e+00
6.898705097730777336e-01 4.875825323834994118e-01 -4.418410379604966742e-01
7.788786756173270431e-01 7.611197566396078473e-01 1.706292541726680101e+00
1.016204664536653618e-01 6.617238326871679455e-01 1.914035817515468141e+00
6.979675212470440870e-01 4.877561015790954912e-01 -4.306770445483494303e-01
3.577948522444644730e-02 5.678565988063508096e-02 1.013133374285982935e+00
2.621745762215511588e-01 3.894490722098197244e-01 -1.464345683901729478e+00
9.434545081699559077e-01 3.792099164893626972e-01 -2.866532193225348024e+00
1.614942828071295189e-01 3.631588874294869873e-01 -1.070458289657903350e+00
6.970421819150107723e-01 7.412752307321338607e-01 1.937708049266447352e+00
7.381397965653250237e-01 4.864104838352521498e-01 -4.834785765990968764e-01
2.254354261074582033e-01 9.376571444355831231e-01 1.773232623185009516e+00
