6.855616743010205516e-01 8.997089799999129500e-01 1.929785396933357378e+00
1.865583271960727374e-01 7.195673635853605532e-04 1.567402389550938802e+00
3.743303719659140660e-01 6.684319764750942250e-01 1.865847039609086933e+00
8.096546293121371640e-01 4.298398520177213467e-01 -8.734835127237037256e-01
9.254248577844762513e-01 6.639875276358747636e-01 2.150385295794408957e+00
2.115623977367886710e-01 8.552082872776609612e-01 1.697376491907835572e+00
2.471677003855858590e-01 2.260254738061970858e-01 -3.923741395702479151e-02
4.317878129524151953e-01 2.145982860947159010e-01 -3.588215652253989307e-01
3.278149683593479247e-01 3.096991612214242684e-01 -7.442599022328200142e-01
3.324912603705857395e-01 9.234983330610709029e-02 1.587271103458760324e+00
8.566815708108410643e-02 7.382652207609099460e-01 1.720987628609421227e+00
1.317473199964285663e-02 8.290384316329800773e-01 2.047139996802069817e+00
6.549828775370506451e-01 1.044202464452078927e-01 9.362146949233636217e-01
3.682565545990140188e-01 7.437867109662453791e-01 1.981779503372562257e+00
3.561501386785603795e-01 9.695086965832464543e-01 1.541859703350938249e+00
6.901718303091225470e-01 8.448566841573049713e-01 1.658047065689351118e+00
2.131935058117806481e-02 6.546914419389490147e-01 1.958950312145281814e+00
1.903469550110110653e-01 8.559774379541441602e-01 1.783052329925089108e+00
6.668241057140089634e-01 8.528796313532815976e-01 2.062469757069368637e+00
1.371040536028304557e-01 9.531204158228723244e-03 1.529071845314561973e+00
5.419961939913200411e-01 6.858361160022656833e-01 -1.377138172886446466e+00
2.714913195490840092e-01 9.141975409210976178e-01 1.674092140720437216e+00
2.635170606042115948e-01 2.099881935645371220e-02 1.758719175614120722e+00
1.284541991628164737e-01 3.512162977699701538e-01 -6.210615335686608951e-01
6.715143135799657159e-01 5.716015658850976955e-01 -3.506817310291261980e-01
3.270672659056269027e-01 2.352035970590085623e-01 -1.530115408066051175e-01
1.004207590591206095e-01 2.717139648425258569e-01 2.203928565299965170e-01
6.819017814646008979e-01 8.118179315871414392e-01 1.750307614913154008e+00
9.753596571079731214e-01 8.879292161707074138e-01 1.958248038326150242e+00
7.191576695467675195e-01 2.236342173623792617e-02 1.000384358171348520e+00
5.920544865268849710e-01 6.210399068009625489e-01 -1.300464313262247762e+00
1.619466089295236166e-01 7.804659343062543275e-01 1.524355827951296760e+00
7.738290695172104217e-01 1.160670682147536409e-01 7.996560049590801800e-01
3.166557882892361703e-02 7.182896863640521046e-01 1.885075403568038821e+00
9.458988541571283770e-01 5.485422832706911278e-02 7.947625824894032354e-01
9.007352515231183965e-01 2.251170843216986905e-01 1.331209908924614327e-01
6.257230937814433069e-01 1.032231761302165457e-01 1.217185811425931075e+00
1.437373784233306716e-02 6.692115680803860656e-01 1.756981789556509188e+00
9.039718557435920676e-01 4.603143655970027837e-01 -1.564599788658620927e+00
9.179250788035898667e-01 1.081393448028336729e-01 1.677866399056331947e-01
3.158597548387867548e-02 8.728531511761702388e-01 1.646148790510551629e+00
9.182720006696054593e-01 1.422864158129993062e-01 3.530723195353560051e-01
3.460040110157869969e-02 8.309627351901032188e-01 2.021658690988273221e+00
5.337018517130176498e-01 6.594731353869681678e-01 -9.384786290500278794e-01
3.303880176713713812e-02 9.590858592341127142e-01 1.805408798857329966e+00
1.491422706406202725e-01 4.206188006707536342e-01 -1.363848827317505785e+00
4.036698584796066802e-01 4.789581214386991470e-01 2.309012572981242961e+00
3.446487953812352178e-01 4.869269477008610902e-01 2.390632687864913120e+00
1.594663444353667803e-01 7.872144887009334679e-01 1.720009716883176276e+00
8.004817037493472398e-01 2.646024078851785255e-01 2.781087409252092080e-03
1.923482585987015270e-01 2.274268756678858305e-01 -4.710786378375059202e-02
1.147421558350047721e-01 7.958592283155463409e-02 1.738355426944034887e+00
7.679510426229310127e-01 1.436772694661581640e-01 1.111297848007948730e+00
8.529613225469444560e-01 4.096814677294267626e-01 -1.005284052940207840e+00
4.554744135120745302e-02 6.322194492088096807e-01 1.625347936614265132e+00
5.950577888144253924e-01 3.189006626770392039e-01 9.954411644137286519e-01
3.745232863293627146e-01 8.775883740532581800e-01 1.506166887752981243e+00
2.429602511700446749e-02 7.295132364000920244e-01 2.071862904554538254e+00
1.887053759946020481e-01 8.295145447257290527e-03 1.468425886940246228e+00
2.870923022241386735e-01 8.983987376209688902e-01 1.743176201956786242e+00
3.800341973815464791e-01 2.983485523656684291e-01 -5.307801027103131730e-01
4.612332202360956424e-01 9.573143101139756084e-01 1.400447344617892886e+00
1.641625294027260207e-02 1.314495171623983050e-01 5.372725951400604272e-01
9.295771157497368931e-01 6.864137314235646548e-01 1.964939532678700918e+00
7.654191883722175627e-01 9.285739917676331112e-01 1.854625393652556298e+00
5.364560389284704911e-01 2.355401747544768054e-01 5.984387497290868385e-01
2.408886851824899589e-01 6.640443572348361245e-01 1.962095633665380090e+00
3.358188360946146034e-03 5.549854188927823284e-02 1.081190004566081164e+00
5.454255140883014219e-01 4.203207823204281601e-02 1.407410308554378320e+00
1.069111312346732873e-01 9.739951331189704575e-01 1.418389318529866383e+00
1.779086458915619950e-02 7.300257806986159004e-01 1.858193523559939164e+00
6.306312405997650528e-01 9.785670902661501858e-01 1.911079890789522562e+00
9.190788385462882459e-01 1.859423055603718483e-02 6.590351414077149084e-01
9.215228237451105198e-01 1.068393989810665218e-01 7.944879987644810626e-01
4.148254682417917283e-01 1.786435167432145685e-02 1.587336241993529518e+00
1.546246526428757262e-01 2.393238544815577407e-01 -2.260382873322724917e-03
2.274246238563726666e-03 6.688451483792549057e-01 1.965096245648745965e+00
6.847100050446701669e-01 5.172070237047758923e-01 -4.386175252434934557e-01
5.901735293657554005e-01 2.802283434463460898e-02 1.294041844306425215e+00
1.903320767519225687e-01 2.823468763963352668e-01 -8.836289714356806990e-02
5.101595773779168397e-01 1.503329564582520095e-01 1.049590055342899619e+00
8.516071396816917716e-01 2.683768176220577284e-01 -2.309264165630408594e-01
6.854990446576886276e-01 1.064747388300236325e-01 9.799027513362691399e-01
5.232914090335164664e-02 7.643209735253319037e-01 1.744881520639063766e+00
3.375290917431434945e-01 6.492110149880582215e-01 1.851035885689475302e+00
4.981153232732296043e-01 1.441354906512971323e-01 7.634251218333788502e-01
3.077010295993145017e-01 6.045891246764945048e-01 1.991083300738032191e+00
3.493355463575090747e-01 1.364275685928511284e-01 2.009183922473835260e+00
3.902428022356149717e-01 9.796639190918814410e-01 1.826263317254322116e+00
6.997684471229830283e-01 4.861574582740754713e-01 -1.429942217321212850e-01
7.777466500249845538e-01 7.710554759421184290e-01 1.684242069406239661e+00
9.847099199769417111e-02 6.712149238073281676e-01 1.891197607984745011e+00
7.067061730149217791e-01 4.828944181998770513e-01 -5.076996485326920050e-01
4.191473531392738566e-02 6.468241277910696807e-02 9.102795636658685963e-01
2.615918715045373322e-01 3.794660638850325673e-01 -1.629099824708520439e+00
9.400295381113098481e-01 3.698147272897042703e-01 -1.920369690603892954e+00
1.681716875925188259e-01 3.557149459109055778e-01 -8.396270708602695532e-01
6.966884275365038404e-01 7.512689716653223604e-01 1.606179147068209634e+00
7.477046523233947806e-01 4.834926876930722428e-01 -2.960868872278181740e-01
2.215617814863767021e-01 9.468764110739642526e-01 1.968567468298218825e+00
