6.807732561947809069e-01 9.084879920194876002e-01 2.070131293063738553e+00
1.858125367038715725e-01 1.069171841246856214e-02 1.645444684838152094e+00
3.729919110648085567e-01 6.783419977876955498e-01 1.705045310536118297e+00
8.172456170580817414e-01 4.233300974109086012e-01 -7.088687545230247800e-01
9.200348071947368478e-01 6.724105529023719496e-01 2.140051773383881528e+00
2.095423635738040136e-01 8.650021354478326652e-01 1.774199404099596533e+00
2.567670651540973070e-01 2.232232967880447005e-01 -2.840208894345808144e-01
4.417628360895088924e-01 2.138919480634270953e-01 -7.069266897168696717e-02
3.366163240184019134e-01 3.049519369205471175e-01 -4.946486331130292013e-01
3.311790003284050266e-01 1.022633580870160458e-01 1.702401904200600447e+00
8.524819725606436194e-02 7.482563985566139664e-01 1.612804663561229424e+00
8.560808618061728145e-03 8.379103937062138963e-01 2.050360254975263974e+00
6.615427865405957286e-01 1.119679344266502063e-01 8.553016012636749377e-01
3.678118178481271094e-01 7.537768165323748271e-01 1.615284675752573618e+00
3.549827173306995265e-01 9.794403191796079433e-01 1.687805275621594658e+00
6.897153975474824561e-01 8.548462621831327546e-01 1.616455466006912367e+00
1.580354998303284617e-02 6.630326614997507084e-01 2.155053659992737458e+00
1.904247657142514039e-01 8.659771352242849884e-01 1.563015177951166734e+00
6.633725536543592094e-01 8.622650875691257877e-01 1.923200475453367364e+00
1.392027425727714318e-01 1.930849952082507037e-02 1.359355458202302414e+00
5.479156072449870019e-01 6.777763054131568099e-01 -9.373309615141747209e-01
2.710888593324365381e-01 9.241894389276835708e-01 1.611053221083404319e+00
2.600604059614556873e-01 3.038239749492062033e-02 1.923744199001861110e+00
1.351385295819435006e-01 3.437785745398456716e-01 -8.386963103096614081e-01
6.807002532020320906e-01 5.676495394100153913e-01 -4.062884467748270612e-01
3.357687804542862087e-01 2.302757532547194952e-01 -5.152867444924271734e-01
1.098943763914086574e-01 2.685123129811624598e-01 -3.259038465332254608e-01
6.822411236059228168e-01 8.218121722742133262e-01 1.536855596569607352e+00
9.706564293849707648e-01 8.967541608722668922e-01 2.060452819117966072e+00
7.197315901018446205e-01 3.234693891188598902e-02 1.513372717710182780e+00
5.992974198258375074e-01 6.141449871330530996e-01 -7.607873992126359397e-01
1.635783499819204179e-01 7.903319071998884393e-01 1.406889299013697414e+00
7.791181180807574824e-01 1.245538794706047281e-01 1.013486687600813729e+00
3.012853922553473604e-02 7.281708557916863889e-01 1.725112020146898129e+00
9.521287755967126065e-01 6.267650925123750827e-02 8.982342679409670572e-01
9.107301764918390719e-01 2.247985331175810508e-01 -3.186051036369794143e-02
6.310676663676352272e-01 1.116751311626883875e-01 1.006930859055075178e+00
9.442235946574516897e-03 6.779110099620316854e-01 2.086503518454148942e+00
9.070160239420940185e-01 4.507889763672007222e-01 -1.261470195068354005e+00
9.270189856885392432e-01 1.122987747599155928e-01 4.289795107042548850e-01
3.044703516931739767e-02 8.827880802126488735e-01 1.684938042866359176e+00
9.256607333941069271e-01 1.490248599009086905e-01 7.393995934934979308e-01
2.921899983134428752e-02 8.393912890618370204e-01 2.139025244217140909e+00
5.409008129687861155e-01 6.525323172192054599e-01 -7.671436767973599524e-01
3.428881792725829714e-02 9.690074246146076486e-01 1.445466866839550280e+00
1.519962415351982510e-01 4.110347070707880412e-01 -1.281375602817528492e+00
3.982347869373736304e-01 4.873521667882793063e-01 2.145405957351941062e+00
3.409000902491676199e-01 4.961977195043740241e-01 1.955053425270941947e+00
1.613579363593544980e-01 7.970339530444251475e-01 1.380490517260471561e+00
8.103899499190252431e-01 2.632508688213477388e-01 -1.355687924317266480e-01
2.023361660725280786e-01 2.279185099773881895e-01 4.918325754322996901e-02
1.154772250639841541e-01 8.955886989992954683e-02 1.497223046159246396e+00
7.735948569851839318e-01 1.519324108607332524e-01 9.711125726154180571e-01
8.574293173332455664e-01 4.007351264331433516e-01 -1.107611660967338985e+00
4.231229079717353792e-02 6.416816794370768795e-01 1.900238294092757130e+00
6.016124933001514297e-01 3.264528709040946386e-01 8.559909460831457428e-01
3.719177416007857784e-01 8.872429655343817556e-01 1.834392795249771835e+00
2.123767924624042625e-02 7.390340830291886043e-01 1.881611221944143431e+00
1.864017095758151166e-01 1.802618449922668148e-02 1.803250768537575155e+00
2.827286907944465133e-01 9.073964537362205762e-01 2.022346814596896358e+00
3.881545150977942504e-01 2.925124200687450604e-01 -6.231712291977865581e-01
4.583368594777458283e-01 9.668856785823551903e-01 1.864642920994036057e+00
2.233294003186766380e-02 1.395113292329040744e-01 9.376691609750485989e-01
9.270172560998914957e-01 6.960805364062407907e-01 1.829663841658955681e+00
7.637801960736095852e-01 9.384387626339585342e-01 1.735438374600978051e+00
5.448508656479192913e-01 2.409740393415298054e-01 5.744658501800175010e-01
2.350896505194745301e-01 6.721912092021389284e-01 2.189406520444688642e+00
9.857481032663548484e-03 6.309848891326204356e-02 8.633049639333774117e-01
5.446402159976888591e-01 5.200119589153907873e-02 1.649407075325763694e+00
1.073389283318988280e-01 9.839859784107165552e-01 1.528003557764661791e+00
1.531868192620666411e-02 7.397153788781593020e-01 1.820604680560227173e+00
6.302903812566561514e-01 9.885612793232080309e-01 1.604888865021457001e+00
9.278397370902669028e-01 2.341570924022859032e-02 5.031047162547359619e-01
9.302275019586500049e-01 1.117616522454497469e-01 5.146443823412094609e-01
4.115816175507159835e-01 2.732360284415553953e-02 1.901157898244848266e+00
1.646245216341163942e-01 2.393750419607214575e-01 5.118770269848027521e-03
9.995403022552237227e-01 6.784641686150147954e-01 1.847716437667855649e+00
6.937214939874488673e-01 5.128719265854281284e-01 -4.483838531365569313e-01
5.922884993015581356e-01 3.779662082535183154e-02 1.357689978795195929e+00
2.003301843623257195e-01 2.821523405107028148e-01 -1.945481578176116999e-02
5.193507568611607228e-01 1.542727812902461304e-01 4.049605301165866145e-01
8.614498890592355851e-01 2.701432503807160157e-01 1.775750482175215972e-01
6.928073628791046046e-01 1.133003146133930578e-01 7.512564857350330083e-01
5.163684260467943377e-02 7.742969808963022782e-01 1.640081576706861943e+00
3.368510781516312336e-01 6.591880033898618318e-01 1.638649741118650915e+00
5.080833232880594963e-01 1.449348502101630576e-01 8.002133015570367380e-02
3.075525341901768073e-01 6.145880220713808573e-01 1.585646413505395369e+00
3.531409600070105625e-01 1.456752075864639340e-01 1.180414691954052353e+00
3.856833115741984397e-01 9.885639777944100759e-01 2.044234609429120830e+00
7.093106629819705411e-01 4.831664523395296507e-01 -3.037499593695469069e-01
7.790806648769086351e-01 7.809660967286708999e-01 1.436995971214617862e+00
9.293138654904779805e-02 6.795403530138812709e-01 2.157910243178236431e+00
7.166511412730850461e-01 4.818467511038366791e-01 -1.049593168017171618e-01
4.454748592472383695e-02 7.432962088411594614e-02 1.304380860652105234e+00
2.650190534751932780e-01 3.700716813220318868e-01 -1.220987522601456821e+00
9.417020308351048419e-01 3.599555808718417071e-01 -1.402757347994779691e+00
1.759080731154556154e-01 3.493786742121465783e-01 -6.862327167142396878e-01
6.985329208130660605e-01 7.610973919123771303e-01 1.385284779665165500e+00
7.574705326646923309e-01 4.813415063526322868e-01 -2.168127943287845305e-01
2.168596963229835750e-01 9.557019646042647087e-01 2.060323354261778928e+00
