6.791600341361145876e-01 9.183570099336182402e-01 1.732826587723239165e+00
1.859888240594668729e-01 2.069016443013836984e-02 1.553166678020482916e+00
3.725767641883816483e-01 6.883333767251091917e-01 1.612322948577098902e+00
8.214326730836606361e-01 4.142488771273418746e-01 -1.138776832164773989e+00
9.137713696847592493e-01 6.802060227765107658e-01 2.247650427361431724e+00
2.057204628963583415e-01 8.742429728131226874e-01 1.962961453498880626e+00
2.666903994003803069e-01 2.219874013893371190e-01 -1.239063477909146394e-01
4.517193312862785581e-01 2.148237223905592463e-01 9.331279048691641653e-02
3.441276034647572368e-01 2.983503703580742683e-01 -7.210273030957916607e-01
3.338531598135625056e-01 1.118991699909472615e-01 1.300086013611501778e+00
8.691486931710176722e-02 7.581165306166300910e-01 1.403347700486136107e+00
7.852489455364399656e-03 8.478852763603484943e-01 1.641687606368833263e+00
6.655469053809013324e-01 1.211312871052667717e-01 1.158830034310952772e+00
3.697192993534299532e-01 7.635932066176825961e-01 1.378872092362849688e+00
3.534224669694040477e-01 9.893178501874092534e-01 1.727461440576232965e+00
6.902217988354116818e-01 8.648334318390253905e-01 1.520134529204909324e+00
1.111383116428213066e-02 6.718647924657777937e-01 2.058922678808188245e+00
1.887711074468608752e-01 8.758394581927692046e-01 1.736925260221676481e+00
6.617364986876695943e-01 8.721303460120642947e-01 1.735140622190113113e+00
1.411661492718339905e-01 2.911385694083155895e-02 1.373171780266749131e+00
5.565924187303532555e-01 6.728050940469587626e-01 -5.202777282961075223e-01
2.652960112022726968e-01 9.323406910119254043e-01 2.188647348391929981e+00
2.565372336586491664e-01 3.974120387846852287e-02 1.930842269228146391e+00
1.431651564923613340e-01 3.378142421848409072e-01 -6.390500678714456928e-01
6.884049064706360133e-01 5.612747203529290241e-01 -6.912255515578945575e-01
3.454338114673273230e-01 2.277092039142715740e-01 -2.595596053966867101e-01
1.194366607324811591e-01 2.655215255339969938e-01 -3.037270625288587267e-01
6.842688004156938231e-01 8.316044409978093910e-01 1.366612834828129230e+00
9.679058738460438738e-01 9.063684442167121436e-01 1.849443811375358404e+00
7.236145193864339520e-01 4.156229892497707856e-02 1.172017878455548612e+00
6.058687913956762872e-01 6.066072768911351387e-01 -8.537819113068004784e-01
1.654061290225440073e-01 8.001634494888000271e-01 1.386985111685753003e+00
7.822073351594120982e-01 1.340647541854218805e-01 1.256737249970555803e+00
2.881986445608884784e-02 7.380848544979509152e-01 1.702040258158614705e+00
9.580978430201335660e-01 7.069961551344383643e-02 9.311562094531042888e-01
9.195265818087323684e-01 2.295549239237419381e-01 4.956904138790284020e-01
6.378221712107409180e-01 1.190491846154687339e-01 8.292208907921208016e-01
4.526958281322751750e-03 6.866196289956946197e-01 2.084639528445361378e+00
9.104324985523971625e-01 4.413906945435292495e-01 -1.222127048000712923e+00
9.324923547657362199e-01 1.206678984263924864e-01 9.916174565796367357e-01
2.688957308198175813e-02 8.921339062059556735e-01 1.934508713499881738e+00
9.313829939051087026e-01 1.572258192743131444e-01 9.615786549938403205e-01
2.719635926842516732e-02 8.491845992863338299e-01 1.774465537641435775e+00
5.493108028255013764e-01 6.471219502621546882e-01 -5.716693168668568470e-01
3.185544508968529698e-02 9.787068419493428761e-01 1.816601406281886044e+00
1.599466898266041215e-01 4.049692003346874736e-01 -6.517148425538341616e-01
3.939482133293801258e-01 4.963868381549231268e-01 2.013802482561807938e+00
3.373567515748773227e-01 5.055489093238183518e-01 1.932997947236375857e+00
1.607787395009673548e-01 8.070171655033100411e-01 1.628748445383548127e+00
8.203012867797054852e-01 2.645795529953034464e-01 1.332624997403344669e-01
2.123276840242892538e-01 2.283302975678208613e-01 4.119040566887269272e-02
1.192483503475395279e-01 9.882054437573194183e-02 1.184119672884875074e+00
7.784281947725922857e-01 1.606867723927246083e-01 1.066337465485691194e+00
8.605239392008779964e-01 3.912260089401069507e-01 -1.256168922836319979e+00
3.856125624051311845e-02 6.509515089799939869e-01 1.955304703483231377e+00
6.058070968121263000e-01 3.355306074819717765e-01 1.137945563494560552e+00
3.690346306349075456e-01 8.968183334729223910e-01 1.863258895009142879e+00
1.978324869681232639e-02 7.489277492746655440e-01 1.716757101321344736e+00
1.820492060794229594e-01 2.702927915128350289e-02 2.021112655532207647e+00
2.778371421101170635e-01 9.161184232081250878e-01 2.081916847423299188e+00
3.974837277187695528e-01 2.889116157318454281e-01 -3.683541090210292746e-01
4.556566042946320061e-01 9.765197967129051193e-01 1.842139304211334538e+00
2.798755666475250675e-02 1.477590750300963041e-01 9.698034357397212757e-01
9.230174696464202855e-01 7.052457809925367638e-01 1.982289873144355452e+00
7.614443436101653306e-01 9.481621259033742311e-01 1.806559635575439637e+00
5.530147956610287352e-01 2.467490065917443964e-01 6.156590910769297320e-01
2.300474565529620208e-01 6.808269651044364101e-01 2.099274133216653127e+00
1.454376478243429860e-02 7.193244298924832136e-02 1.083058863313331788e+00
5.503825148118204336e-01 6.018813697653673661e-02 9.591331564756834238e-01
1.045091939392183561e-01 9.935772558682235411e-01 1.857689173849456976e+00
1.290213610349001151e-02 7.494190022368182325e-01 1.814866934772628504e+00
6.279783215200309687e-01 9.982903275692738276e-01 1.804113387208216013e+00
9.354654752324991218e-01 2.988472135848156686e-02 7.035138060932597526e-01
9.341470459360986522e-01 1.209614987120406909e-01 1.168041312170462032e+00
4.087616883634429543e-01 3.691776770508874844e-02 1.856667023367755354e+00
1.745140543349511242e-01 2.408573182369670718e-01 1.487758610555739158e-01
9.982566306354550001e-01 6.883814357371911274e-01 1.699518670616485094e+00
7.037118878899363272e-01 5.124337146810481469e-01 -4.383522751942309226e-02
5.961964143116835757e-01 4.700141307035313187e-02 1.169305011606006861e+00
2.093318378305566996e-01 2.777968572036649819e-01 -4.506473314926496831e-01
5.290122097526309686e-01 1.568527673417397517e-01 2.609501023900467898e-01
8.713895243782873168e-01 2.712403600945826332e-01 1.099322613958045036e-01
6.950065658493178589e-01 1.230554930482452569e-01 1.349063560301099862e+00
5.065220960968714464e-02 7.842483877247448110e-01 1.669419425075979735e+00
3.368675430661093873e-01 6.691879898351822398e-01 1.569149834603160487e+00
5.168483244094487228e-01 1.497488667599939927e-01 5.022531612359336650e-01
3.073409318255652667e-01 6.245857830426829738e-01 1.591958142676727306e+00
3.583764393473601872e-01 1.541951697974582869e-01 1.019786418250684168e+00
3.807532853395190209e-01 9.972642560270513767e-01 2.086333899510174117e+00
7.177689305037360246e-01 4.778318754556290515e-01 -5.626832596293065425e-01
7.796699618890456929e-01 7.909487180793726147e-01 1.511832464546085220e+00
8.925735355859068521e-02 6.888409702829141334e-01 1.947011836252967365e+00
7.264015577148685843e-01 4.796265305715926019e-01 -2.238877947336120888e-01
4.986103554463639648e-02 8.280111369451997883e-02 1.010597125151409426e+00
2.730299410269695359e-01 3.640862255638798173e-01 -6.416843153394162780e-01
9.415998560335351319e-01 3.499561028699695875e-01 -1.581013984739100264e+00
1.826108844523167130e-01 3.419576015011130954e-01 -8.362087725202588251e-01
7.014145202560971848e-01 7.706732148352346545e-01 1.278491610158126957e+00
7.655316392416882110e-01 4.754238581073989556e-01 -6.332463940635877364e-01
2.133310287915499703e-01 9.650587004374816535e-01 1.931429506125216466e+00
