6.787771840786134270e-01 9.283496785378235749e-01 1.609090691373942450e+00
1.858584454633666894e-01 3.068931446510028693e-02 1.583834555808302902e+00
3.714902322083936115e-01 6.982741738891430350e-01 1.679664453103156152e+00
8.244071067826482802e-01 4.047014824999932148e-01 -1.268782624056338015e+00
9.075438717251536058e-01 6.880302332263329435e-01 2.243048606299420378e+00
2.033297433200936810e-01 8.839529913459405197e-01 1.812206307636187841e+00
2.765773722588014127e-01 2.234866571036313865e-01 1.504929929144587231e-01
4.613292975971849952e-01 2.175893231396267558e-01 2.802127167573877364e-01
3.516473737210458750e-01 2.917584772087098988e-01 -7.197401791803788029e-01
3.351761228688394656e-01 1.218112721269410392e-01 1.438111034523046117e+00
8.306748517942719179e-02 7.673467871297054987e-01 1.965720731777499397e+00
7.520572530098679903e-03 8.578797664001015510e-01 1.603994116828915795e+00
6.709096186529114325e-01 1.295717436309653248e-01 1.004783068755020992e+00
3.709188546076164772e-01 7.735209992823263159e-01 1.450551242577541977e+00
3.496294200323572521e-01 9.985705684330579146e-01 1.959841045764030065e+00
6.893397105798959590e-01 8.747944518826494820e-01 1.659119943888258231e+00
6.685739463539607311e-03 6.808309512804439079e-01 2.029525665972881310e+00
1.838746701927530258e-01 8.845586842029483643e-01 2.082477424782277264e+00
6.610247229359398347e-01 8.821049826109208514e-01 1.642034139932278869e+00
1.376172670238063056e-01 3.846294431819807097e-02 1.933590834017324234e+00
5.641043160395161626e-01 6.662042305567332789e-01 -7.209337047499428941e-01
2.617712548481613277e-01 9.416989009178931003e-01 1.931011532456488933e+00
2.561439774945072911e-01 4.973346836602911269e-02 1.610132086474188373e+00
1.510199354638074587e-01 3.316253450852174600e-01 -6.673283930273627984e-01
6.982723172897120634e-01 5.596516973316566501e-01 -1.630234458588963875e-01
3.554322997540637630e-01 2.278830773739906057e-01 1.738822218093617755e-02
1.278251491713745802e-01 2.600778813767663511e-01 -5.756312419966590488e-01
6.838900597376529333e-01 8.415972661988622150e-01 1.608679455160077598e+00
9.653540699028420047e-01 9.160373788341071855e-01 1.828830596451467727e+00
7.282671589801748002e-01 5.041401880366477156e-02 1.086863537710395011e+00
6.143393740218394683e-01 6.012922764232760953e-01 -5.603704732150669443e-01
1.627504089931404163e-01 8.098043597739040811e-01 1.839593508694985946e+00
7.883508113884408752e-01 1.419551090458421594e-01 9.092374299287695472e-01
2.664142413762539408e-02 7.478446904483597724e-01 1.790401229736477084e+00
9.612832271736703182e-01 8.017871503789220089e-02 1.246609142200395315e+00
9.264756931506342719e-01 2.367458801576408645e-01 8.025000133368969113e-01
6.447610065604219010e-01 1.262500570619169427e-01 8.039280445764069860e-01
9.990925936153367548e-01 6.950141319992727551e-01 2.145321748016888908e+00
9.154079148436231606e-01 4.327162935423648493e-01 -1.050033914797417589e+00
9.366493063590727308e-01 1.297629384730694113e-01 1.142089329253647367e+00
2.594724317860508042e-02 9.020894079187374848e-01 1.665169339950961280e+00
9.385999093221202294e-01 1.641479671970104137e-01 7.645534445068770113e-01
2.790168099605659646e-02 8.591596943365341632e-01 1.500205542297973871e+00
5.572115316150038078e-01 6.409918210143552564e-01 -6.598684520116937513e-01
3.411356114035540843e-02 9.884485518558072670e-01 1.343020247119503408e+00
1.652699358519472417e-01 3.965037971101701419e-01 -1.009452121444567974e+00
3.886452253418143377e-01 5.048649463403459547e-01 2.129749288956710007e+00
3.330720817013031465e-01 5.145844836871051875e-01 2.013591778795988052e+00
1.590170008057837925e-01 8.168607561474749978e-01 1.747894489681717456e+00
8.302484130980738453e-01 2.635525778220766946e-01 -1.028789008584976988e-01
2.221555169948067621e-01 2.264826777195811935e-01 -1.858296720151264292e-01
1.193287867010743020e-01 1.088202208701506551e-01 1.562752604701599157e+00
7.829696797771428241e-01 1.695960324042767864e-01 1.099380092395098707e+00
8.640794759764669486e-01 3.818794503093896897e-01 -1.207289939675160628e+00
3.814796239851925980e-02 6.609429647398004093e-01 1.612137485958227145e+00
6.125426499854345064e-01 3.429219756536662223e-01 8.317879234001166466e-01
3.628528452225969758e-01 9.046787106341115381e-01 2.237219646176485721e+00
1.535765905193872335e-02 7.578951433384495395e-01 2.029246629702751825e+00
1.773013594901739487e-01 3.583029913563511720e-02 2.065515664951861563e+00
2.723065219260512593e-01 9.244498240735020689e-01 2.156831374789685896e+00
4.071574715547219836e-01 2.863781042958395417e-01 -2.561428561393884196e-01
4.546954145911364376e-01 9.864734952392768541e-01 1.667063920772991592e+00
3.399980082136900422e-02 1.557498772552318167e-01 9.257638183818543975e-01
9.172561485431579564e-01 7.134193468695028129e-01 2.184784887226176586e+00
7.596042554199268215e-01 9.579913718282733193e-01 1.755859693941153710e+00
5.621376111484657212e-01 2.508446429992127746e-01 4.219756943716754249e-01
2.281249549804879040e-01 6.906404246220496645e-01 1.764250890245637526e+00
2.170354603122159193e-02 7.891367013563983790e-02 7.727721462733430080e-01
5.579207670948672648e-01 6.675888674480054408e-02 7.169319263503551865e-01
1.050228959586625710e-01 3.564052663754146977e-03 1.519403504527597315e+00
9.911422483942991177e-03 7.589613097169750633e-01 1.874515652441654190e+00
6.273509935737807686e-01 8.270631154228214044e-03 1.633570340935480036e+00
9.417225833027095261e-01 3.768527253116849690e-02 8.947538998469989346e-01
9.416078810348190720e-01 1.276200225446707248e-01 7.286357134140517555e-01
4.034857162729357793e-01 4.541271435001766749e-02 2.126565905115220811e+00
1.844972342279138366e-01 2.402775603351279821e-01 -5.800831736927364313e-02
9.973931485283933362e-01 6.983440859192854289e-01 1.657252201365482458e+00
7.124125721175985637e-01 5.075044049960607540e-01 -5.154552152372640084e-01
6.001549164987385332e-01 5.618456396942265313e-02 1.163802813898600075e+00
2.188783533095650380e-01 2.748196030645203014e-01 -3.023091309793765058e-01
5.373930550353660518e-01 1.623081712999134840e-01 5.770337782226723222e-01
8.812407431093227661e-01 2.729589320346816339e-01 1.727146032250551078e-01
6.999639591792125026e-01 1.317402067091966722e-01 1.052110397982912504e+00
4.651886904389809785e-02 7.933541823505423363e-01 1.996908826366384115e+00
3.385844803857352425e-01 6.790394935904713325e-01 1.398247651955678128e+00
5.260263224726544617e-01 1.537193014404528990e-01 4.082932672579270283e-01
3.083168274083412652e-01 6.345380505135419513e-01 1.473051198231729808e+00
3.658194695830366272e-01 1.608735903375865250e-01 7.313057181720933331e-01
3.792334081649489930e-01 7.148079850563204829e-03 1.723375371488601981e+00
7.272961143941709672e-01 4.747933285795983283e-01 -3.087360463587953685e-01
7.796587537947496926e-01 8.009487117983017379e-01 1.571917136459162201e+00
8.346804060030564576e-02 6.969947335533943633e-01 2.188213718401831986e+00
7.360495851198524120e-01 4.769967839692215716e-01 -2.661040930683780670e-01
5.293066849162886972e-02 9.231832723477104152e-02 1.258795693728489207e+00
2.817206713551233532e-01 3.591393875471960984e-01 -5.174709599261091419e-01
9.448151687743946425e-01 3.404871132734779704e-01 -1.243450136324616651e+00
1.906392603519282969e-01 3.359956236066106716e-01 -6.387567685785984217e-01
7.036729244887443002e-01 7.804148579369891703e-01 1.342990664739418083e+00
7.738050639835665212e-01 4.698068800016488855e-01 -5.964364993722890418e-01
2.112697844106822265e-01 9.748439583085007909e-01 1.778409009680151254e+00
