6.784824771741890803e-01 9.383453349865259474e-01 1.600271284893999058e+00
1.813692714119042870e-01 3.962504702240506049e-02 2.036349762087511284e+00
3.724860134544001333e-01 7.082244713575658324e-01 1.471052897341979637e+00
8.292771495943401794e-01 3.959674866783610692e-01 -1.062139819057794421e+00
9.013428026934343640e-01 6.958754064471007750e-01 2.239675288831386890e+00
2.021659127152950486e-01 8.938850353613149169e-01 1.687443736828855068e+00
2.865042029706686977e-01 2.222791671376571909e-01 -1.210443651923490682e-01
4.704103850937192965e-01 2.217766671522782285e-01 4.320512072380187085e-01
3.602944874169989875e-01 2.867357862238631983e-01 -5.262208926290008471e-01
3.421352364043058758e-01 1.289925490886302539e-01 8.011081361228895581e-01
8.146163839377353055e-02 7.772170078010484096e-01 1.732079317494190196e+00
3.694606240201561784e-03 8.671189212287950809e-01 1.963401455025198583e+00
6.739363627171153226e-01 1.391026837928699411e-01 1.263298892409189023e+00
3.698280656486783169e-01 7.834613302349183739e-01 1.680092696295403254e+00
3.469414522278448931e-01 8.202537550632271746e-03 1.842939946385034666e+00
6.921855264493455007e-01 8.843809701263701806e-01 1.282226386788644756e+00
4.059543114926953029e-03 6.904799456704585614e-01 1.836532461143421946e+00
1.821032308084141460e-01 8.944005337500412489e-01 1.748880059552224253e+00
6.622979906748848178e-01 8.920235908431761729e-01 1.443122979267532857e+00
1.374980685075676001e-01 4.846223387864817544e-02 1.582716460704589601e+00
5.707494215017694383e-01 6.587314416934284544e-01 -8.439576810985994770e-01
2.588430021198178665e-01 9.512605606043151862e-01 1.867976626479585844e+00
2.546190699965684701e-01 5.961651734510080292e-02 1.723884336493882063e+00
1.577434891354325686e-01 3.242230598958467658e-01 -8.334101729903466982e-01
7.066381149492264591e-01 5.541732459519268517e-01 -5.797862590732655308e-01
3.648656173384060564e-01 2.312015889911072375e-01 3.382652650503005232e-01
1.360840267470553311e-01 2.544395357692394999e-01 -5.990214375700536609e-01
6.856918302388516073e-01 8.514336081541324930e-01 1.389629882617039902e+00
9.648013672862566503e-01 9.260220931423696067e-01 1.626094767156150311e+00
7.282513005749635671e-01 6.041400622920607699e-02 1.572382167980718837e+00
6.227324564111581529e-01 5.958557179525054703e-01 -5.747867815928677793e-01
1.617874051858639861e-01 8.197578829525162813e-01 1.667246176619915587e+00
7.952739689463064199e-01 1.491710559295829630e-01 8.061029744657693952e-01
2.307419152746876742e-02 7.571867914703480640e-01 1.935554364194337573e+00
9.659438069486997458e-01 8.902625685246345899e-02 1.085966304719158115e+00
9.363410500633938538e-01 2.383813412497693407e-01 1.642840971144983730e-01
6.480284617139417946e-01 1.357011806363781492e-01 1.237938300303289552e+00
9.936221564747281798e-01 7.033851724059755339e-01 2.149624909337275014e+00
9.197356714787429111e-01 4.237012770417045715e-01 -1.123226883733038806e+00
9.443021064604115722e-01 1.361999137416989858e-01 6.993201061254130657e-01
2.610678936833740055e-02 9.120881350883996985e-01 1.554841030869763330e+00
9.462761579479159746e-01 1.705569614266044531e-01 6.956693893123070405e-01
2.413868066820153840e-02 8.684246729405333820e-01 1.956595870830358574e+00
5.647858381552928186e-01 6.344626648335203178e-01 -7.114274339750854548e-01
3.830287983629779291e-02 9.975287285536379445e-01 1.138527658562754841e+00
1.736717312585571160e-01 3.910807136749398505e-01 -5.731821217897221654e-01
3.855906504355736120e-01 5.143870034784944201e-01 1.881215172631486521e+00
3.267850537405150302e-01 5.223609404265379119e-01 2.250680294294280959e+00
1.563056609730084645e-01 8.264861723104887092e-01 1.845367276621919572e+00
8.400506570247939786e-01 2.615736857075142696e-01 -1.992040780584387882e-01
2.321471324293517824e-01 2.268920931664831220e-01 4.095299109792016612e-02
1.165325836192469960e-01 1.184213274899721113e-01 1.854194946493334939e+00
7.901970487140124177e-01 1.765072651633706191e-01 7.630420976989187309e-01
8.693121834380910240e-01 3.733577854121373218e-01 -1.020111725063644670e+00
3.260513450866456969e-02 6.692662488863047043e-01 2.158297353112768491e+00
6.201029721835853437e-01 3.494673196675547877e-01 7.135666112433637354e-01
3.587808964729156669e-01 9.138121236533486291e-01 1.990177000570127808e+00
1.184755021814339060e-02 7.672588571302584315e-01 1.929446787554858878e+00
1.760865638933816757e-01 4.575623846942182549e-02 1.692576672958313155e+00
2.719835108060030260e-01 9.344446059028530538e-01 1.603103058396516234e+00
4.169035185891948325e-01 2.841387813620395719e-01 -2.258473701680503154e-01
4.505313761634350822e-01 9.955652928598042184e-01 2.000282660924046496e+00
3.838237813763300393e-02 1.647383707923585072e-01 1.117136903323962871e+00
9.117016006039215803e-01 7.217348142160038282e-01 2.159706118361571558e+00
7.609385590881645456e-01 9.679019537345453505e-01 1.436966829056279593e+00
5.693686277879892454e-01 2.577520591846567677e-01 7.625141585952014411e-01
2.286184667676204318e-01 7.006282395039926669e-01 1.521425093308549137e+00
2.913345774772167773e-02 8.560668230394005707e-02 7.332678886071410940e-01
5.659870821756506354e-01 7.266943333691251727e-02 6.323657011899143088e-01
1.073824792980003634e-01 1.328168439503103759e-02 1.332591696044335805e+00
7.206884937901970704e-03 7.685886393915034587e-01 1.844660646356433897e+00
6.301775930618335186e-01 1.786283295225874271e-02 1.284230313528731848e+00
9.503592074034517001e-01 4.272597924178755252e-02 5.283055943827081880e-01
9.495303569688234857e-01 1.337220201745556447e-01 6.563127136178016352e-01
4.029648059470621879e-01 5.539913775544157148e-02 1.622910946152887890e+00
1.929750367258448174e-01 2.349740836635402230e-01 -5.590106038928810417e-01
9.914053740911711321e-01 7.063532405119342661e-01 2.212770114413227684e+00
7.206275931409107383e-01 5.018023501395604269e-01 -6.067559675580816991e-01
6.066581315503098981e-01 6.378115491490705946e-02 8.627887437554998540e-01
2.265452610629117847e-01 2.683994375291410273e-01 -6.971255830100173689e-01
5.464888698784864385e-01 1.664634272895812450e-01 4.285205737943572624e-01
8.912294439159036408e-01 2.734341753372233064e-01 4.754223790143038975e-02
7.049688117741710336e-01 1.403976572867476069e-01 1.046637131101757046e+00
4.080676554169446885e-02 8.015622194837498382e-01 2.178776018260374592e+00
3.419505716033634513e-01 6.884559382440869069e-01 1.227482775313928798e+00
5.332167866824788494e-01 1.606689218939190422e-01 7.683671147485946484e-01
3.102107255488859572e-01 6.443570703135648170e-01 1.380255650197460326e+00
3.719817264914316302e-01 1.687492864842733975e-01 9.068550108341506544e-01
3.745037578401044231e-01 1.595889183384247359e-02 2.063449297527594428e+00
7.365609948403061269e-01 4.710300865838156215e-01 -3.858256281980000924e-01
7.794278660327984554e-01 8.109460459850428293e-01 1.593887154887674296e+00
7.772782337686220955e-02 7.051831342658463342e-01 2.182205262338102081e+00
7.431034158805629453e-01 4.699085210226843223e-01 -7.878328890118240224e-01
5.389032954542903597e-02 1.022721732583851961e-01 1.474682307727914976e+00
2.890680234423552708e-01 3.523558473721658535e-01 -7.455200721580779177e-01
9.517067050667670225e-01 3.332409606715163730e-01 -8.104759515889757848e-01
1.998146173857525687e-01 3.320190895250452190e-01 -4.089579305687752742e-01
7.022096163270346025e-01 7.903072150486118996e-01 1.717654463214197902e+00
7.819239870839236328e-01 4.639688077435754066e-01 -6.234101518374324247e-01
2.098878596598122426e-01 9.847480122251014434e-01 1.709432472646750245e+00
