6.808627491934906573e-01 9.480579198697652865e-01 1.330462160120385873e+00
1.809349092491398525e-01 4.961560904421137563e-02 1.614246213234296068e+00
3.745265268796945657e-01 7.180140732371722567e-01 1.365301763588328665e+00
8.359729826850994527e-01 3.885401170752852962e-01 -8.371487021695126485e-01
8.946442538319884230e-01 7.033003268608709613e-01 2.304809655382880962e+00
2.013595032671849916e-01 9.038524675181945911e-01 1.651524929197273561e+00
2.962280422361033283e-01 2.199452969741750585e-01 -2.355594439879903357e-01
4.790669114513390059e-01 2.267831181327468193e-01 5.243438309749743897e-01
3.699161159063951709e-01 2.840110357376646188e-01 -2.759644781837413685e-01
3.489790146557711359e-01 1.362838246454015911e-01 8.170462841923615827e-01
8.011483954592656109e-02 7.871258994072493076e-01 1.705886723612982880e+00
2.147350179475542194e-04 8.764939143635407381e-01 1.926219501337601780e+00
6.792489257806300085e-01 1.475747953181143768e-01 1.010713576926039581e+00
3.712232330337579822e-01 7.933635273632131391e-01 1.430822963495243849e+00
3.411708718791532369e-01 1.636956898434755586e-02 2.185918168251627325e+00
6.950272876354430807e-01 8.939686910944203424e-01 1.282649317080351681e+00
9.972540441195328897e-01 6.978069630325023365e-01 2.319309209519652359e+00
1.813993991958831042e-01 9.043757340518497889e-01 1.641237728531182327e+00
6.618421695949745498e-01 9.020131967985234311e-01 1.616394234103732952e+00
1.394131263873964466e-01 5.827714871867126223e-02 1.378100225777447507e+00
5.780564597419577400e-01 6.519044956590418494e-01 -7.514439941296096048e-01
2.577442802163170676e-01 9.612000178419498608e-01 1.680890787710227929e+00
2.518587264680540727e-01 6.922799504650492541e-02 1.850462027374032870e+00
1.640630536364739156e-01 3.164730208948366430e-01 -8.867212664473835826e-01
7.159106115627598133e-01 5.504288092049631764e-01 -3.837967281753440485e-01
3.748203588167002276e-01 2.302512616262849254e-01 -9.517636457058789579e-02
1.448869616150040840e-01 2.496952404885205423e-01 -4.943158710370272324e-01
6.859308186042041289e-01 8.614307519743056307e-01 1.546895214687167064e+00
9.613331699119128659e-01 9.354014111864811243e-01 1.924974577299474854e+00
7.325013631421731786e-01 6.946591034794286079e-02 1.131827529146826272e+00
6.320718770729746305e-01 5.922814737384602957e-01 -3.655086832705815025e-01
1.601454129937746051e-01 8.296221549297640996e-01 1.735742483977402051e+00
7.999900067565017814e-01 1.579891615862877019e-01 1.079687694996870118e+00
1.615653157388524663e-02 7.644080088723230748e-01 2.334728088564059778e+00
9.744848232007142785e-01 9.422731841553153020e-02 5.469752360115899270e-01
9.459568200498859047e-01 2.411266950642855789e-01 2.781064851152680872e-01
6.554677394639681909e-01 1.423837809205461546e-01 7.318674245867019534e-01
9.867480582388314936e-01 7.106478698004180528e-01 2.328712921124543200e+00
9.232918885554466382e-01 4.143549772335793913e-01 -1.207217152400092530e+00
9.526045571875212392e-01 1.417738990236956931e-01 5.912491139547221275e-01
2.431264975374462789e-02 9.219258717713644247e-01 1.751187041002003619e+00
9.556812487590704563e-01 1.739546469379398275e-01 3.466707976621917764e-01
2.087494403704062348e-02 8.778770812687013425e-01 1.903260932381863890e+00
5.713845909121696431e-01 6.269489133035845985e-01 -8.501435727522934638e-01
4.218526390624033340e-02 6.744318276138416834e-03 1.172077041402060260e+00
1.803351438208866953e-01 3.836242444686607800e-01 -8.415051692838962927e-01
3.807515711325368812e-01 5.231381926262000936e-01 2.075911153235108220e+00
3.239882866430269237e-01 5.319618827658297855e-01 1.854253691855542563e+00
1.528125077400289689e-01 8.358562246310963229e-01 1.927636623374925140e+00
8.492819253618532072e-01 2.654186414795886018e-01 3.946613318501351886e-01
2.400290846839881753e-01 2.207378402747315616e-01 -6.629254263113255607e-01
1.163856179608444563e-01 1.284202474864142296e-01 1.585493421736120512e+00
7.978800380947761450e-01 1.829081771433209436e-01 6.946169609438861414e-01
8.732209955258503076e-01 3.641533740750345083e-01 -1.169207551916448651e+00
2.461448860522125887e-02 6.752787008026017723e-01 2.496534145069762456e+00
6.279081401992554490e-01 3.557186677019518739e-01 6.753042314847782501e-01
3.551533258150924577e-01 9.231309610874119942e-01 1.942021116928772440e+00
5.384991968919285513e-03 7.748900654798833720e-01 2.273464109255922239e+00
1.753330519835925860e-01 5.572780904791176104e-02 1.646219005433512850e+00
2.710728443221348538e-01 9.444030539021729398e-01 1.661989318580702868e+00
4.267303650042294505e-01 2.822859215359000973e-01 -1.863628761109905885e-01
4.466185151046927482e-01 4.767983680155518655e-03 1.972825037398495240e+00
4.613799850600189267e-02 1.710510843690813965e-01 6.831913928156215787e-01
9.039484753707763831e-01 7.280505920081025151e-01 2.458006101112045982e+00
7.660192162449852571e-01 9.765151368194940895e-01 1.037858753127703926e+00
5.777508237827478910e-01 2.632053875541437993e-01 5.767861395464071173e-01
2.274230819236653933e-01 7.105565351822469289e-01 1.690621347392657459e+00
3.646241085320361952e-02 9.241009662159310745e-02 7.482284010206523561e-01
5.708317839490566481e-01 8.141751111015829712e-02 1.065038905416145099e+00
1.105416766109946075e-01 2.276954360233222896e-02 1.249370451936303361e+00
9.997467629220889718e-01 7.752479621430437007e-01 2.412849853357736052e+00
6.323178293798232819e-01 2.763111778139623262e-02 1.355104135390204245e+00
9.591844021423077127e-01 4.742873777495385662e-02 4.896033267560208624e-01
9.576515959814339007e-01 1.395568703782930353e-01 6.230133510824368281e-01
4.002239156806562947e-01 6.501618098855233008e-02 1.848438652249358327e+00
1.998311990635606994e-01 2.276944519421626734e-01 -8.153464472457240264e-01
9.859164321478623982e-01 7.147121588835291250e-01 2.151837083963511255e+00
7.297762545983387250e-01 4.977647774111290668e-01 -4.156200523226853960e-01
6.131542877895950205e-01 7.138378302068712489e-02 8.637175825010878771e-01
2.352039173722158538e-01 2.633966712026623580e-01 -5.239182329313175623e-01
5.546101072381259822e-01 1.722982797940063038e-01 6.230136343751587757e-01
9.009403724600799634e-01 2.710471548492717209e-01 -2.410290428516390637e-01
7.075333622628955377e-01 1.500632188736799877e-01 1.311443528479362630e+00
3.413269791723957947e-02 8.090091531711276485e-01 2.301517367183775420e+00
3.457563197004552835e-01 6.977034396050753040e-01 1.180378525957589186e+00
5.393430768668114883e-01 1.685726278966338532e-01 9.114136958127866395e-01
3.153552337592247512e-01 6.529322691610409679e-01 1.030429227758128174e+00
3.819260094716195320e-01 1.698034382807170062e-01 1.056113976765317153e-01
3.695621990164708603e-01 2.465262500162312964e-02 2.087659940639936984e+00
7.445827379557834469e-01 4.650591873727007997e-01 -6.398684507642866670e-01
7.757199047058972452e-01 8.202331888609871724e-01 1.950662442727279178e+00
7.340726126285714026e-02 7.142016010434656392e-01 2.017567862916434862e+00
7.501812762467218176e-01 4.628442522964000827e-01 -7.844370891772199927e-01
5.691320393202740219e-02 1.118043414505043159e-01 1.263704878409005694e+00
2.964737249438222366e-01 3.456360568046578097e-01 -7.368779005065662080e-01
9.596738304122769403e-01 3.271973761615641907e-01 -6.489603759764623891e-01
2.080525709455230410e-01 3.263502165200234395e-01 -6.027224347371850088e-01
7.010908402389425254e-01 8.002444349850283967e-01 1.682908647899937327e+00
7.892794656605902626e-01 4.571940800805473493e-01 -7.443213219108213430e-01
2.107737411793191296e-01 9.947086956320467799e-01 1.482091892473254457e+00
