6.814363921998191076e-01 9.580414529969347726e-01 1.513400518386238680e+00
1.794775295202393484e-01 5.950884129286448943e-02 1.717055195482130259e+00
3.770425308747343274e-01 7.276923852747614330e-01 1.316462832544936346e+00
8.428690397074668494e-01 3.812982666526200659e-01 -8.098518863067328821e-01
8.864287170633464719e-01 7.090016386049428077e-01 2.534927140955683722e+00
1.997338624115946593e-01 9.137194473909132642e-01 1.734085079482208691e+00
3.049287818079098877e-01 2.150160849779631234e-01 -5.154439875611198651e-01
4.888652123951652828e-01 2.287814420840151575e-01 2.011868627685599042e-01
3.787371790929399129e-01 2.793005321277535757e-01 -4.904811419030188357e-01
3.581491247861364191e-01 1.402724434786534746e-01 4.102753949680531531e-01
7.562514556159609380e-02 7.960613707393653371e-01 2.036407948751501884e+00
9.979375377378788547e-01 8.862311815647450075e-01 1.800531567178760284e+00
6.843596759860539613e-01 1.561701564122022490e-01 1.034361302371276548e+00
3.731625487251563067e-01 8.031736779557930861e-01 1.375628101615754106e+00
3.385055243711009298e-01 2.600782207613340502e-02 1.840592253055433281e+00
6.935507296640529562e-01 9.038590791837283200e-01 1.718993994969227668e+00
9.920540223777096767e-01 7.063486123980854403e-01 2.117649822878199473e+00
1.819902853106462881e-01 9.143582614672581821e-01 1.511673276889494044e+00
6.629213637424791195e-01 9.119547932493954345e-01 1.462666324104185511e+00
1.398440821690175029e-01 6.826785825875335278e-02 1.527687397746507081e+00
5.837971356446859383e-01 6.437164165082376321e-01 -9.593313744167539792e-01
2.595076014849196366e-01 9.710433251166260549e-01 1.393537389628437762e+00
2.510130128240142255e-01 7.919216929389165383e-02 1.655468830575479444e+00
1.726614785262010343e-01 3.113674269611477197e-01 -5.358352412711164803e-01
7.227105545604624037e-01 5.430966352280314213e-01 -8.230414664326290985e-01
3.847911012358872784e-01 2.294868693119434533e-01 -7.651386635330681418e-02
1.516259112398007647e-01 2.423069688398565014e-01 -8.313283111944088644e-01
6.862640682841367745e-01 8.714251976643289099e-01 1.537465187523783694e+00
9.565977667015889141e-01 9.442091325964516724e-01 2.064102346807752841e+00
7.352405573309450659e-01 7.908343680728770198e-02 1.293330358561492588e+00
6.411383296378319052e-01 5.880625357335600434e-01 -4.355331072886519106e-01
1.551961024652517285e-01 8.383114774172917283e-01 2.088551809656433278e+00
8.066499729432056176e-01 1.654487091859724035e-01 8.419672732905191248e-01
1.206136190384936996e-02 7.735310338845444722e-01 1.992720860198415433e+00
9.801939120483170731e-01 1.024374526732752949e-01 9.631838692308321015e-01
9.555285831922192274e-01 2.440217512549438250e-01 2.937102980365167149e-01
6.632689779942707586e-01 1.486400319859464414e-01 6.759325671400686630e-01
9.793160476201387965e-01 7.173385512428153143e-01 2.408638415643893804e+00
9.263249749511035525e-01 4.048260535316872688e-01 -1.262633375460668450e+00
9.592552774087074186e-01 1.492416912368940418e-01 8.432060692784404399e-01
2.401779880968013883e-02 9.319215239722358213e-01 1.600285695120232665e+00
9.621554682298125716e-01 1.815759645566107638e-01 8.665994573786821586e-01
1.590112898216644588e-02 8.865524005020153364e-01 2.091374155257231138e+00
5.763727572952113132e-01 6.182818378951729921e-01 -1.048563441440123700e+00
4.805708985174112630e-02 1.483886335697796530e-02 9.432225206069958512e-01
1.873918607143169601e-01 3.765388548049954376e-01 -7.874256358133472355e-01
3.771738738105782640e-01 5.324762910339301270e-01 1.936674770938030310e+00
3.181330529359697179e-01 5.400684380290560194e-01 2.196321848324323867e+00
1.500267066129224447e-01 8.454603545802490405e-01 1.853111705090264572e+00
8.579564112801902898e-01 2.703939097188468033e-01 5.207453443932552606e-01
2.463599133784670492e-01 2.129970000076053249e-01 -8.852669666291157480e-01
1.161444599206933603e-01 1.384173392034922789e-01 1.594914468934704566e+00
8.050942592116498986e-01 1.898331330043249443e-01 7.649425944902770169e-01
8.815067111112834253e-01 3.585545423006988308e-01 -5.942448005531679733e-01
1.754088882079257034e-02 6.823472357349431583e-01 2.356552629325664672e+00
6.352170773060491493e-01 3.625435807687194534e-01 7.511658098062737876e-01
3.521105839607964194e-01 9.326568060372374402e-01 1.879972720799484076e+00
9.992673335783651689e-01 7.828004545863991304e-01 2.229087299625001073e+00
1.746696161151170823e-01 6.570577742070289606e-02 1.637188678525712815e+00
2.724933626568279976e-01 9.543016461081788027e-01 1.428262364992426425e+00
4.366612573886072268e-01 2.811123047117590201e-01 -1.176327848399430914e-01
4.402959639231331379e-01 1.251558631300649094e-02 2.255256823914253861e+00
5.191246052569396807e-02 1.792153717466259677e-01 9.551991200633629386e-01
8.961315281708609470e-01 7.342872045881602139e-01 2.468174907995809075e+00
7.675257582180834426e-01 9.864010020463366279e-01 1.419566337153646662e+00
5.858927057286301698e-01 2.690113980931728155e-01 6.194667213117109883e-01
2.279213444219404527e-01 7.205441141923381032e-01 1.520949437000731042e+00
4.092420758573702549e-02 1.013595306773060339e-01 1.108304344396577656e+00
5.764088700757810102e-01 8.971787919447234139e-02 9.791736805229488416e-01
1.113177912884470711e-01 3.273938041180122355e-02 1.493106731128391873e+00
9.957762497556684744e-01 7.844259262525443699e-01 1.979098145602541381e+00
6.363602968527708459e-01 3.677761747965023476e-02 1.154641188242817806e+00
9.637967257349927541e-01 5.630153164590348536e-02 1.091412709788919910e+00
9.655833301798020241e-01 1.456468287202225542e-01 6.547939642710052244e-01
3.993102803899247766e-01 7.497435705425481434e-02 1.662287442081117561e+00
2.058109041789876748e-01 2.196792709253336529e-01 -9.298296724905215083e-01
9.796113114043578651e-01 7.224739532900970040e-01 2.253009098787078557e+00
7.362180921987729887e-01 4.901160697863318760e-01 -8.708406843905607264e-01
6.189362162150907620e-01 7.954278441071298278e-02 9.542843037675406981e-01
2.429100507803809983e-01 2.570236414761067900e-01 -6.909933336237653601e-01
5.638112223121490851e-01 1.762148447934140105e-01 4.024312295865318800e-01
9.106905070658145585e-01 2.688256969563425636e-01 -2.240146999354620250e-01
7.132947916305448777e-01 1.582367084369930288e-01 9.567945206280213943e-01
2.755875505428992053e-02 8.165446209890320217e-01 2.288151916927875451e+00
3.469481844815867633e-01 7.076321584722554681e-01 1.451325847186029971e+00
5.477663882399737005e-01 1.739622313617096017e-01 5.692023638715772993e-01
3.208505602430209436e-01 6.612869915882966243e-01 9.889915780754554575e-01
3.910820626988885107e-01 1.738242204557940151e-01 4.137854923271467866e-01
3.662401536491987630e-01 3.408469871729064710e-02 1.909436219655237910e+00
7.511402718976064596e-01 4.575094358137526962e-01 -8.556162323236125022e-01
7.741794765720384497e-01 8.301138305994785194e-01 1.725454957381565846e+00
7.006029311098781187e-02 7.236248597255974246e-01 1.912079797562750816e+00
7.588730853493378392e-01 4.578993099788717935e-01 -5.172528445977402356e-01
6.326354434733306997e-02 1.195291829770170344e-01 8.827437399476055768e-01
3.053402933263127950e-01 3.410117768478841960e-01 -4.807316206272226333e-01
9.674764894394204395e-01 3.209428967982490000e-01 -6.757054825836690259e-01
2.172437468927760351e-01 3.224103834389605017e-01 -4.049614276151499714e-01
6.983009460545742675e-01 8.098473767447199601e-01 1.853537908236879694e+00
7.943713694389151758e-01 4.485875409438048744e-01 -1.036552504425159782e+00
2.126872885176377403e-01 4.523905083913426495e-03 1.378254126128233725e+00
