6.836685613983586318e-01 9.677891409622468855e-01 1.345682908836558722e+00
1.767943778382573827e-01 6.914215313518939920e-02 1.842439966920414118e+00
3.777158759647614716e-01 7.376696898401104985e-01 1.503410831971736972e+00
8.463694304221912601e-01 3.719309156479725376e-01 -1.213183513206039343e+00
8.809614055011233402e-01 7.173747207305153362e-01 2.149251574951654309e+00
1.987040133526619401e-01 9.236662765799470431e-01 1.673964148143330943e+00
3.139386395739359181e-01 2.106775987170674824e-01 -4.487599783576761703e-01
4.988650470543019022e-01 2.287239373891662708e-01 -5.750501178017897175e-03
3.887100535326898365e-01 2.785644781834107908e-01 -7.367201964844852236e-02
3.681451937776870631e-01 1.405528088048970115e-01 2.804020693033126843e-02
6.912547176745524602e-02 8.036609918200350311e-01 2.278337838768646151e+00
9.935498156507657219e-01 8.952171648101254764e-01 2.025028203169012553e+00
6.913865097690828909e-01 1.632851832558398220e-01 7.916343949401457580e-01
3.756311909713510033e-01 8.128641787405979091e-01 1.321353339245908254e+00
3.372152956482570851e-01 3.592423825551740307e-02 1.700179879403228567e+00
6.962070387532054427e-01 9.134998271849409379e-01 1.301938044367048963e+00
9.864090945246482001e-01 7.146029924192457417e-01 2.170614971717580666e+00
1.789224201970822103e-01 9.238760450141233482e-01 1.882611214266994626e+00
6.620304583054010816e-01 9.219150285629904573e-01 1.660005147237995970e+00
1.393405284242112130e-01 7.825517189286396169e-02 1.621173006310761888e+00
5.919069662342454352e-01 6.378657201557812462e-01 -6.249659203305357735e-01
2.611231256639288123e-01 9.809119664429200025e-01 1.408532793997347321e+00
2.524331157452802121e-01 8.909082110578057934e-02 1.428304331786060422e+00
1.780181610905227085e-01 3.029231417986788522e-01 -1.005497406888622214e+00
7.318207179736319068e-01 5.389729326944643351e-01 -4.250543030932203425e-01
3.947442313932875146e-01 2.304539267403572234e-01 9.685711276498953914e-02
1.590090970668550929e-01 2.355624475786264604e-01 -7.402223942632961684e-01
6.867391729175896797e-01 8.814139050675553477e-01 1.523267971483972083e+00
9.545924853521553510e-01 9.540060120337834348e-01 1.772693302737971655e+00
7.377831522395551511e-01 8.875479716303444344e-02 1.313714372902746952e+00
6.494952718812768699e-01 5.825705855936075261e-01 -5.814006784051727328e-01
1.537980544380760373e-01 8.482132682509596622e-01 1.711060605447683569e+00
8.109905726454481600e-01 1.744575489683690139e-01 1.121801765295838527e+00
6.620436948730852936e-03 7.819212863022473314e-01 2.146103444101679081e+00
9.855134695387448573e-01 1.109051742148727676e-01 1.009887780533833102e+00
9.653749449305675245e-01 2.457679358149461035e-01 1.755182573955597902e-01
6.690593115027139159e-01 1.567930705520885204e-01 9.532537665415239392e-01
9.723925736838202605e-01 7.245541945719383703e-01 2.335533524389612481e+00
9.313116950088851098e-01 3.961581458795881416e-01 -1.048730309241692193e+00
9.641149314094178413e-01 1.579814717257495560e-01 1.063328893425339094e+00
2.470978913012780026e-02 9.418975527109878509e-01 1.501541948742107113e+00
9.684804208007297133e-01 1.893216068783067918e-01 8.860258378893941522e-01
1.037097173237812656e-02 8.948841086577666859e-01 2.156775810815786620e+00
5.834912509637837363e-01 6.112585161817318813e-01 -7.786684391150557882e-01
5.342400608444399651e-02 2.327664802779947500e-02 1.004285035748264221e+00
1.936343670166819908e-01 3.687266134451209765e-01 -8.966243869565493352e-01
3.710915986490585516e-01 5.404139184413838670e-01 2.224621987488183628e+00
3.128690603058257858e-01 5.485708130848736541e-01 2.125156334996977758e+00
1.476979106542333497e-01 8.551854103324179057e-01 1.805833972020199685e+00
8.678543673180709739e-01 2.718188540237869155e-01 1.429811074481336375e-01
2.549211006505081589e-01 2.078292081684305903e-01 -5.430845465015221585e-01
1.156351987793016595e-01 1.484043634394630884e-01 1.621744479214365597e+00
8.092361503444562842e-01 1.989350414769464614e-01 1.143744602067704008e+00
8.897467585292858638e-01 3.528887132749452538e-01 -6.023529749662213106e-01
1.435818909888186487e-02 6.918272369206049932e-01 1.894700330066707128e+00
6.441491003966091089e-01 3.670401309474347062e-01 4.663790708093768500e-01
3.537335982543330370e-01 9.425242182918752709e-01 1.407773765437045022e+00
9.957742536246019238e-01 7.921705342251544879e-01 1.927628802809264963e+00
1.761080313144750553e-01 7.560178478298067162e-02 1.426454108177074742e+00
2.727266647332711180e-01 9.642989242448081200e-01 1.547464002198845501e+00
4.464622859716597669e-01 2.830972074081617440e-01 1.998173003302775308e-01
4.359546402219153793e-01 2.152407722554256289e-02 2.019871255245868191e+00
5.459183825470960427e-02 1.888497339458198032e-01 1.299544426005421638e+00
8.920748942217664457e-01 7.434274300231838994e-01 1.988500837715144520e+00
7.713031694387613157e-01 9.956601145561777555e-01 1.183440874852586644e+00
5.958073120318249094e-01 2.703154616854300807e-01 1.307788278324020226e-01
2.258489005533509397e-01 7.303270062193178980e-01 1.779553674511245243e+00
4.583243215538480853e-02 1.100721268216195009e-01 1.057762838490668100e+00
5.834342549080094864e-01 9.683433673731584035e-02 7.918380210350933757e-01
1.122198848789053433e-01 4.269860865268686190e-02 1.480464167646102558e+00
9.900301294805766705e-01 7.926101856438503290e-01 2.182926348753523982e+00
6.434285938167554342e-01 4.385145505404554334e-02 7.857899437268072163e-01
9.706284585319138181e-01 6.360409468852579185e-02 8.186970427267700190e-01
9.694671565073060826e-01 1.548618107092329943e-01 1.171920534313609874e+00
4.027833888884296276e-01 8.435185764650290907e-02 1.216094413493967075e+00
2.137100268672237346e-01 2.135470722367559249e-01 -6.601304090015219783e-01
9.739803174777781347e-01 7.307378450729570263e-01 2.168927879588079310e+00
7.447670931696325214e-01 4.849281431869819636e-01 -5.454380858776209928e-01
6.272036525727955336e-01 8.516857289512129447e-02 5.975017858494566791e-01
2.521753359129136896e-01 2.532613959481183619e-01 -3.857180773195027501e-01
5.725970118686778410e-01 1.809908160944573297e-01 4.979177224634974697e-01
9.206730391193808094e-01 2.682348892045969269e-01 -5.911519988946356552e-02
7.201069605690465503e-01 1.655575249456423537e-01 8.213727370392549521e-01
2.204532323344136208e-02 8.248874064685259855e-01 2.154769702121108743e+00
3.477761366914177144e-01 7.175978242873546353e-01 1.487906218603133546e+00
5.576270571913087837e-01 1.756257240224015637e-01 1.671261850127852555e-01
3.223698002311792266e-01 6.711709133736195598e-01 1.418281749382809931e+00
4.010520153600521942e-01 1.745988454838914294e-01 7.754018091420905590e-02
3.681460402052467717e-01 4.390139859227283614e-02 1.379034567984825488e+00
7.602572582077020691e-01 4.534008398709116205e-01 -4.233967112594461679e-01
7.739051089929013250e-01 8.401100660124486419e-01 1.598236528162571668e+00
6.267809161218218517e-02 7.303704583670103112e-01 2.401224326116999208e+00
7.668002531176371095e-01 4.518034088007655269e-01 -6.555434279994584168e-01
6.882456496163857906e-02 1.278403230749379782e-01 9.811079428709124084e-01
3.147138039211418437e-01 3.375279141742663080e-01 -3.558489633268302477e-01
9.755885898514793375e-01 3.150953480036963739e-01 -6.245778582849130789e-01
2.240263651584551152e-01 3.150621802938319838e-01 -8.254017224174319267e-01
7.004626625592650369e-01 8.196109304908386628e-01 1.352904631440953409e+00
8.007735103560706946e-01 4.409055755913131591e-01 -8.760193995870112493e-01
2.149408950446169142e-01 1.426665919256036967e-02 1.343483131149254328e+00
