6.839010581974174219e-01 9.777864378588299044e-01 1.547544551786178335e+00
1.752875704145421265e-01 7.902797790542666345e-02 1.722053168022137593e+00
3.778878496941157628e-01 7.476682109825800726e-01 1.553598106060499084e+00
8.500699369875114320e-01 3.626407998704366253e-01 -1.191732779349068849e+00
8.756520988149021356e-01 7.258488733437060692e-01 2.130494758653973975e+00
1.978262463580297836e-01 9.336276783439124705e-01 1.658686135101604897e+00
3.233799503680672149e-01 2.073818968967232890e-01 -3.358482865317430344e-01
5.087726052034247104e-01 2.300805108378779218e-01 1.360769105672843815e-01
3.986588201414926202e-01 2.775535167778317991e-01 -1.012691450914856017e-01
3.765579276782631268e-01 1.459589079825017177e-01 5.711619341842300024e-01
6.590437878134718097e-02 8.131280166945584753e-01 1.898753020080101717e+00
9.873724995565392737e-01 9.030810548063049614e-01 2.236651184966936601e+00
6.984338956613280747e-01 1.703798539378224564e-01 7.887417091742306985e-01
3.752364787162463244e-01 8.228563858158975952e-01 1.610277808712139436e+00
3.397167865291901845e-01 4.560631155479626803e-02 1.317962091070592923e+00
6.961248947238609652e-01 9.234994897971715577e-01 1.579010822111894807e+00
9.791330509399753801e-01 7.214629625178644590e-01 2.385619574568818901e+00
1.805302187833513206e-01 9.337459479369484283e-01 1.409315586512142948e+00
6.635860471570870223e-01 9.317932947734400839e-01 1.414603126090158369e+00
1.437361381788971049e-01 8.723729941837318758e-02 1.115686487549043093e+00
6.004362723697342918e-01 6.326454771684183465e-01 -5.492225768392939855e-01
2.592050944381451560e-01 9.907263006647059056e-01 1.763795378365644595e+00
2.542697099788508441e-01 9.892072047562232295e-02 1.386088413212736903e+00
1.853250875993180113e-01 2.960960761775598971e-01 -7.514603602197764687e-01
7.409007969260401616e-01 5.347834021458189868e-01 -4.322919996991692604e-01
4.047332370386400591e-01 2.309227190367054150e-01 4.689641742300804106e-02
1.688891510275544183e-01 2.340182540241554643e-01 -1.550397326110103946e-01
6.850633439490332321e-01 8.912724849484584544e-01 1.739173706146777576e+00
9.489614994445795260e-01 9.622699092807658339e-01 2.168926909221872368e+00
7.403709140364053143e-01 9.841417027327108158e-02 1.309041316277622213e+00
6.576426272334123801e-01 5.767722581825319716e-01 -6.185233834201683267e-01
1.517902268379112407e-01 8.580096261623477716e-01 1.772953213917692672e+00
8.135774256125239967e-01 1.841171655097608717e-01 1.309135402955038607e+00
3.136334955248388373e-03 7.912947079453300780e-01 1.926670821751277130e+00
9.907560289295268552e-01 1.194207817113537851e-01 1.018955210354936858e+00
9.736760599218667878e-01 2.513439101604059145e-01 5.914887086884498268e-01
6.757216855590947313e-01 1.642504676806357533e-01 8.416444364496086239e-01
9.668599549103533697e-01 7.328842683715803830e-01 2.157071280252040868e+00
9.360536582455815102e-01 3.873539545673880258e-01 -1.076745353502689406e+00
9.671156685431899769e-01 1.675206318907745962e-01 1.266026399224893684e+00
1.932731048501006021e-02 9.503254186113716528e-01 2.139153073838902408e+00
9.765141556443626136e-01 1.952763616559780036e-01 6.378573704285326329e-01
7.673094496076870649e-03 9.045133068807678089e-01 1.843968900730262872e+00
5.895216622448812283e-01 6.032814152182983669e-01 -9.234883641249254094e-01
5.494768370685113035e-02 3.315988669247695031e-02 1.417832758827434203e+00
2.017695749463548349e-01 3.629112551637261319e-01 -6.206152977967756001e-01
3.658027061895383070e-01 5.489008269805181195e-01 2.128087572374769199e+00
3.060460450282588840e-01 5.558815218413547532e-01 2.321702514828145603e+00
1.472451441311941334e-01 8.651751551978094090e-01 1.616088462722604646e+00
8.769117537819495212e-01 2.675804875408186456e-01 -4.376770758590103338e-01
2.639107611742668169e-01 2.034490251051813969e-01 -4.533930720988684770e-01
1.191925842365362670e-01 1.577502186014402841e-01 1.207092139470201442e+00
8.148105179025254552e-01 2.072372355440317560e-01 9.795011683656165147e-01
8.975110598427636921e-01 3.465866798639321567e-01 -6.818150760734613680e-01
8.744056989081556291e-03 7.001025931457900420e-01 2.166888873832887086e+00
6.536001100252599727e-01 3.703079156709361275e-01 3.328928976860870970e-01
3.520742702863080553e-01 9.523855889214850601e-01 1.737500172871793591e+00
9.927400464355828902e-01 8.016991011023981706e-01 1.879076900473598322e+00
1.802593831775423650e-01 8.469938214211937544e-02 1.142704933244149235e+00
2.708095336147952059e-01 9.741134343331707690e-01 1.763703665650126151e+00
4.558296757014934641e-01 2.865974944891603315e-01 3.576017503211744164e-01
4.371309028516366380e-01 3.145465657550604310e-02 1.452897116022379587e+00
6.153713125410883306e-02 1.960443781449790757e-01 8.030308695122521101e-01
8.846067008491589334e-01 7.500776997733024087e-01 2.414062716306622836e+00
7.724475468272983258e-01 5.594418779051313351e-03 1.456107325000926878e+00
6.051323627399018967e-01 2.739270304985352289e-01 3.695082124901206688e-01
2.259745961128532266e-01 7.403262162194289564e-01 1.558226439835948662e+00
4.827129438397800149e-02 1.197701653361822050e-01 1.324425256497947512e+00
5.909601960466357440e-01 1.034191837346220971e-01 7.188035466266852191e-01
1.124479463745795965e-01 5.269600771215181972e-02 1.547988199773777662e+00
9.846547787483947989e-01 8.010425995631281770e-01 2.138307546648675839e+00
6.511431156226303862e-01 5.021432809275057363e-02 6.896760502475538512e-01
9.767640019038644761e-01 7.150061971735416355e-02 9.102424235014283660e-01
9.740665377805624026e-01 1.637413203749306934e-01 1.092870809816211430e+00
4.060062520891503657e-01 9.381828003246478476e-02 1.242652640134092046e+00
2.210366865446080908e-01 2.067411881669388163e-01 -7.485654394205150108e-01
9.666570256378459458e-01 7.375473528838919490e-01 2.392532503857153436e+00
7.521135030712979841e-01 4.781435826590839655e-01 -7.456589546126755064e-01
6.357062682144223320e-01 9.043217691240487688e-02 5.543143024599014312e-01
2.599261223641706198e-01 2.469427481982424677e-01 -6.839567761739128171e-01
5.823890226102620415e-01 1.830197383789967658e-01 2.043106832447486587e-01
9.303134074189612912e-01 2.655772024193562841e-01 -2.690011886853838630e-01
7.242344871807153694e-01 1.746659564280637622e-01 1.145322224253094490e+00
1.548393206775290284e-02 8.324338060054459199e-01 2.286487442089574440e+00
3.498273082160953673e-01 7.273851985714183677e-01 1.364212923489515283e+00
5.676245262515176027e-01 1.758506959988060669e-01 2.249909580104125784e-02
3.212790514649155882e-01 6.811112487366188795e-01 1.680088652902303581e+00
4.107706692151613659e-01 1.769542153581514232e-01 2.377710638539364263e-01
3.724999531636147831e-01 5.290381171048481879e-02 1.120323439076749139e+00
7.669699910225415973e-01 4.459887404276650646e-01 -8.348710308159628113e-01
7.732452896635547690e-01 8.500882741909053797e-01 1.636826230430497464e+00
5.546793186952379828e-02 7.372996427696184574e-01 2.376063754352820911e+00
7.759002473429431612e-01 4.476573136379168871e-01 -4.275136577500427415e-01
7.089483376104700751e-02 1.376236756239467285e-01 1.362261307810428868e+00
3.230092468619248369e-01 3.319435049471221033e-01 -5.925051701731303133e-01
9.854098690617838496e-01 3.132132017093715581e-01 -1.893439692752871273e-01
2.334301595810037433e-01 3.116609084054873247e-01 -3.470521468938183585e-01
6.984725754413738663e-01 8.294109076981184270e-01 1.771142622567855707e+00
8.054037221867405005e-01 4.320421034498143631e-01 -1.089395573610771883e+00
2.138003716803063559e-01 2.420140662042494228e-02 1.685097386149956522e+00
