6.848631332255112891e-01 9.877400508531308798e-01 1.474439788149727093e+00
1.774722901323809443e-01 8.878641014398251652e-02 1.350547985706250564e+00
3.757304102819112313e-01 7.574327107231026979e-01 1.788249976194006274e+00
8.542461880811784702e-01 3.535546055734470894e-01 -1.139966316842407457e+00
8.692325544951244876e-01 7.335163012518386427e-01 2.267840886979411774e+00
1.978008931488576261e-01 9.436276462046000457e-01 1.573331650428231754e+00
3.328888188644303359e-01 2.042865100196313011e-01 -3.147078551125041534e-01
5.187725257221584840e-01 2.301203808643091930e-01 3.987013206226686091e-03
4.086502418460698505e-01 2.771394004640951314e-01 -4.142347681191040076e-02
3.848506902404621455e-01 1.515472967562889184e-01 5.929849745215803880e-01
5.982179005450624643e-02 8.210654038200618787e-01 2.224661491744454267e+00
9.798113177436412746e-01 9.096254057743001775e-01 2.428157384558319087e+00
7.036009672218648259e-01 1.789414759505190966e-01 1.027795911188666089e+00
3.772421353949186873e-01 8.326531884212018397e-01 1.368861039600473894e+00
3.405231307718110667e-01 5.557374898687439391e-02 1.490074266245111634e+00
6.967935600354205894e-01 9.334771090874189881e-01 1.503879866924274999e+00
9.718790323809296527e-01 7.283462186328888421e-01 2.382414358205694693e+00
1.798982388280410682e-01 9.437259580239215628e-01 1.634036466774206664e+00
6.628523424241347106e-01 9.417663423199448269e-01 1.644232788379779819e+00
1.443489258201011149e-01 9.721850632469407338e-02 1.509479146542805017e+00
6.096258371536953380e-01 6.287018875496341863e-01 -4.053701747623821294e-01
2.611546296279293466e-01 5.344254877184262398e-04 1.374586267178732113e+00
2.551267732639659336e-01 1.088839249061912262e-01 1.484984722881634633e+00
1.944355859938826647e-01 2.919731137713967306e-01 -4.249730626408843026e-01
7.493150474034149244e-01 5.293796637265393290e-01 -5.708813422187866138e-01
4.147330790281909541e-01 2.309789345507053948e-01 5.621581008980303107e-03
1.774221399744066452e-01 2.288040331204252154e-01 -5.485166831299784773e-01
6.871658187162621445e-01 9.010489669257939482e-01 1.358968239183199866e+00
9.436177250130649563e-01 9.707223689715950288e-01 2.134567363027939368e+00
7.453327584643819614e-01 1.070963416533209506e-01 1.051597801973432889e+00
6.640352668960017857e-01 5.690823844420672684e-01 -8.772555891279942841e-01
1.486878604758094802e-01 8.675162198191367358e-01 1.886238267110287525e+00
8.189070453714397679e-01 1.925785574298514990e-01 1.008699027522544256e+00
9.977069842863171001e-01 7.996924547451433885e-01 2.144724568131600950e+00
9.941553409135072128e-01 1.288252847835829329e-01 1.223952588382250850e+00
9.818219402465545587e-01 2.571443096066393652e-01 6.187777264110715381e-01
6.805710468237884392e-01 1.729959633969739008e-01 1.064506196512472247e+00
9.593022051310499121e-01 7.394325825266464536e-01 2.427633116430515603e+00
9.439082296430685304e-01 3.811647940296592485e-01 -6.673619320470071115e-01
9.742337033249005573e-01 1.745444186789935070e-01 7.787337745343262396e-01
1.782153243310963947e-02 9.602114002246671109e-01 1.721949042805256624e+00
9.832881443818044520e-01 2.026325207478553991e-01 8.265754594496665941e-01
1.640822499652047281e-03 9.124890008669453989e-01 2.218337567122455223e+00
5.970709397691225107e-01 5.967233355556237351e-01 -7.152523800266474829e-01
5.515262712952341551e-02 4.315778638158682817e-02 1.550300549590772903e+00
2.096793595482959183e-01 3.567928152031727973e-01 -6.583897795831779032e-01
3.617944178141447864e-01 5.580623565634909022e-01 1.983217687415857799e+00
2.994780214358215287e-01 5.634221495399741597e-01 2.287366664512663128e+00
1.427066384732500193e-01 8.740859333003552223e-01 2.041878179577825581e+00
8.866250786343767842e-01 2.652032369626886044e-01 -2.400230933514760912e-01
2.732929337924537849e-01 1.999885573676431771e-01 -3.533542609285539871e-01
1.262225002302046484e-01 1.648622001201146270e-01 7.912011048888971665e-01
8.230893996178092475e-01 2.128461674873111664e-01 5.954642890210946060e-01
9.066419469918208796e-01 3.425090702858604730e-01 -4.200005527913419634e-01
2.208080544018019287e-04 7.053327200656153151e-01 2.591210845032457133e+00
6.628478897466537623e-01 3.741129873160667918e-01 3.903446522370919713e-01
3.522255077285160185e-01 9.623844452178859088e-01 1.555672005978363304e+00
9.864781047878573572e-01 8.094957726230203043e-01 2.247458553492461597e+00
1.836979704061256491e-01 9.408959608384742657e-02 1.219773202504351062e+00
2.726388339936877125e-01 9.839446936687687995e-01 1.386830368908508193e+00
4.658153066996756908e-01 2.871333802681679814e-01 5.361425980807957292e-02
4.390220969714935806e-01 4.127419754242595690e-02 1.380531028897841406e+00
6.511852166563478206e-02 2.053810607849872460e-01 1.204522366419498614e+00
8.791597608650442153e-01 7.584640484906794988e-01 2.146820517684109308e+00
7.726750011081661151e-01 1.559183167190088953e-02 1.548048937009787851e+00
6.150278817408695309e-01 2.753688015280292278e-01 1.446813364849589278e-01
2.286629794337960431e-01 7.499580693702860845e-01 1.298609567642459828e+00
4.948707144125664287e-02 1.296959845037368442e-01 1.448917101684759290e+00
6.006370007500509978e-01 1.059409788753819109e-01 2.549319040270491277e-01
1.162243975724059353e-01 6.195551182146760705e-02 1.183544556771210843e+00
9.777654488196441118e-01 8.082908499128897972e-01 2.330812258470170040e+00
6.580300708278207233e-01 5.746483483377923945e-02 8.111079712731225078e-01
9.779075107083138318e-01 8.143502395787843851e-02 1.456194757366112036e+00
9.765738271476971377e-01 1.734218937065806765e-01 1.317363155797035557e+00
4.116405481216303675e-01 1.020799208028190519e-01 9.722651371554372757e-01
2.287101242247611133e-01 2.003288286816317376e-01 -6.961078680658205897e-01
9.614421845220617602e-01 7.460799628091800972e-01 2.119385695572569617e+00
7.578999725597251880e-01 4.699878012213858924e-01 -9.537276230121639609e-01
6.433636457859425173e-01 9.686370618056346082e-02 6.986086839123386572e-01
2.697575570525764799e-01 2.451143904740510915e-01 -1.838700753283555867e-01
5.914513048563032616e-01 1.872476267991288190e-01 4.365205357659183161e-01
9.403132039977456502e-01 2.656409862961029433e-01 6.378430924995390217e-03
7.281272119328050518e-01 1.838771829481569697e-01 1.170954690050040048e+00
8.365568408510897294e-03 8.394572594875145954e-01 2.362905703559790460e+00
3.491156019165166380e-01 7.373598401260377244e-01 1.642027177058680731e+00
5.776193990907816378e-01 1.761708786450271458e-01 3.202373783758022396e-02
3.230697014670828038e-01 6.909496211919459174e-01 1.390760318120723760e+00
4.190969113433728466e-01 1.824925988788545506e-01 5.869671529844601165e-01
3.762278314724205597e-01 6.218297779988829488e-02 1.188784714490391803e+00
7.735136734271861325e-01 4.384269800117866489e-01 -8.574494748637642161e-01
7.710687483295433076e-01 8.598485338094472574e-01 1.790206662610579036e+00
4.703844874855623442e-02 7.426795883374958107e-01 2.573536437455853587e+00
7.812441304065452785e-01 4.392049226269338913e-01 -1.007012438382377972e+00
7.088837337561119945e-02 1.476236735371175002e-01 1.571442365383415973e+00
3.327706368575993889e-01 3.297720387713908297e-01 -2.188903840425419078e-01
9.953732508481510921e-01 3.123582026572752079e-01 -8.560442010477171959e-02
2.413747731016205045e-01 3.055877612799819953e-01 -6.526761963260517829e-01
6.997875187471755964e-01 8.393240769240787325e-01 1.438920077576360645e+00
8.120780239844288539e-01 4.245953796390788959e-01 -8.400438403715647651e-01
2.171670975379744739e-01 3.361762438549966564e-02 1.227415377510520766e+00
