6.882917552846848919e-01 9.971339079297181218e-01 1.220834225800643713e+00
1.796857149344235349e-01 9.853837151827551932e-02 1.347605445021389015e+00
3.772077858668184680e-01 7.673229767145267610e-01 1.422515990624520610e+00
8.617243173933354372e-01 3.469155106057079663e-01 -7.260346155866043150e-01
8.621846320272525954e-01 7.406104388940659700e-01 2.352926578057825235e+00
1.947285109436159567e-01 9.531439725748395153e-01 1.883085845506642819e+00
3.427751302011427526e-01 2.057901217226953960e-01 1.509335862581217547e-01
5.287052977093195105e-01 2.312779821130424573e-01 1.160202352481072008e-01
4.182761768855194906e-01 2.798488975791140754e-01 2.743795120696029266e-01
3.919853223131296582e-01 1.585542236995118870e-01 7.763679243668945018e-01
5.466285660547498537e-02 8.296319320356499993e-01 2.112846480897732526e+00
9.763957699800518419e-01 9.190240244746539222e-01 1.919366988616371339e+00
7.107653074172832763e-01 1.859180244929082015e-01 7.721188979950093234e-01
3.801283578956844988e-01 8.422276189356540099e-01 1.278008790684220353e+00
3.438292215243871630e-01 6.501142687583261193e-02 1.233847458938843067e+00
7.001728514033697115e-01 9.428888246510399584e-01 1.226080604522318929e+00
9.645790367897395523e-01 7.351806947919375945e-01 2.389117632342425246e+00
1.772328681348699364e-01 9.533642047041007705e-01 1.840594658587466403e+00
6.643529792485945995e-01 9.516531056488141127e-01 1.420163642508988522e+00
1.460609310187807042e-01 1.070708683866411493e-01 1.398748276644153687e+00
6.180637698003338398e-01 6.233352039693593749e-01 -5.664837185975721834e-01
2.588041139995615469e-01 1.025425451300476451e-02 1.808067943668206112e+00
2.579713690900313217e-01 1.184708052426891867e-01 1.282353650964304981e+00
2.011982593724959967e-01 2.846065508839847880e-01 -8.281125877899968568e-01
7.545975501408241914e-01 5.208887765626875055e-01 -1.014257796340243711e+00
4.239651529078672931e-01 2.348219557424499893e-01 3.944517727898126380e-01
1.870253340130068331e-01 2.260150074380418983e-01 -2.826511413874636114e-01
6.893622011289546325e-01 9.108047807973894683e-01 1.349352685267867669e+00
9.403863774638033801e-01 9.801858985993756601e-01 1.899836407484233547e+00
7.473077716563636397e-01 1.168993678642161610e-01 1.371987950759732788e+00
6.729898479145702828e-01 5.646309263908336762e-01 -4.613370816559117515e-01
1.454485660919268286e-01 8.769770322522497663e-01 1.900676260635097981e+00
8.281403429742976163e-01 1.964186375562368414e-01 3.941332235164165532e-01
9.918214225780139781e-01 8.077770180220159579e-01 2.200068095466085172e+00
9.980207505182088212e-01 1.380480071901113159e-01 1.173918257705022450e+00
9.894586885989596903e-01 2.636003203409889584e-01 7.018101019473944602e-01
6.868676741706003508e-01 1.807646495185378233e-01 8.896773259620155416e-01
9.523110834885626375e-01 7.465827026780806897e-01 2.344951360936176954e+00
9.537072359749158013e-01 3.791699319019878334e-01 -2.008335669292677372e-01
9.772529044177122870e-01 1.840777509799869371e-01 1.264090212509469957e+00
1.303650168665642164e-02 9.689922589956243559e-01 2.069745486153793834e+00
9.879605524056063182e-01 2.114738217414373067e-01 1.084628936623602380e+00
9.977219367685457030e-01 9.216891277479470901e-01 1.973479792800257648e+00
6.062410161179037082e-01 5.927346390570763512e-01 -4.102838643798083496e-01
5.412456080655406870e-02 5.310479998545690472e-02 1.673784923246746992e+00
2.153553422592357214e-01 3.485597586465158382e-01 -9.672105927911595069e-01
3.578968306817704725e-01 5.672715266968715309e-01 1.971165897901118846e+00
2.921467420148598504e-01 5.702230569832337226e-01 2.393706249104938788e+00
1.400243009405926498e-01 8.837194718693804907e-01 1.842355453955739186e+00
8.963357964194617056e-01 2.628153592232649327e-01 -2.411173207923412165e-01
2.830206367449340510e-01 2.023062707382536074e-01 2.338982092154403281e-01
1.314518043928631641e-01 1.733859538691621960e-01 1.020511046311302517e+00
8.321185826920384221e-01 2.171442895204847845e-01 4.442847780725279194e-01
9.163401412960155978e-01 3.400708276322090828e-01 -2.463071841859291178e-01
9.921954569489979114e-01 7.112987689788402568e-01 2.502328710741451800e+00
6.727325587589151334e-01 3.756273579833870335e-01 1.520219453586022507e-01
3.526471504686755076e-01 9.723755521335220031e-01 1.528619549316194703e+00
9.806625266216962844e-01 8.176308233661484515e-01 2.191438653635359390e+00
1.867557273009341490e-01 1.036106318873853543e-01 1.260043292751813926e+00
2.729803226452547915e-01 9.939388612429518322e-01 1.536640821064844342e+00
4.758149863851839911e-01 2.872134189290322381e-01 8.003951545997201045e-03
4.433113014234410509e-01 5.030762021433687198e-02 1.127498956699595656e+00
6.793050582849523289e-02 2.149775572846386595e-01 1.285753639617794430e+00
8.747842008904167521e-01 7.674559601288373223e-01 2.023675195966650797e+00
7.736845583606504206e-01 2.554074086607672350e-02 1.469668319101197662e+00
6.241247684601218815e-01 2.795217103901509459e-01 4.282625442185994391e-01
2.338537864068927496e-01 7.585053217339436937e-01 1.025021281273176266e+00
4.998144066932450752e-02 1.396837569814387559e-01 1.521339244425173209e+00
6.086765729680623238e-01 1.118878501999845676e-01 6.368764332254804872e-01
1.195027103464987445e-01 7.140287469981730639e-02 1.236789253853944226e+00
9.713196940269235302e-01 8.159362567138467304e-01 2.271264217517977357e+00
6.626731917193767751e-01 6.632155140293710671e-02 1.087938584770148376e+00
9.795659517779599090e-01 9.129654378083225386e-02 1.404182416661256427e+00
9.802238499256734627e-01 1.827319599641458459e-01 1.197161077124196726e+00
4.167368005958786981e-01 1.106838856283351158e-01 1.036047150736459921e+00
2.386480482560410787e-01 1.992163243227602909e-01 -1.114812082917057551e-01
9.547836398039835082e-01 7.535407792683453954e-01 2.299434839557017440e+00
7.613508652105316354e-01 4.606021025306857863e-01 -1.218462435810635958e+00
6.488653825044846668e-01 1.052142087450708974e-01 9.882241254449805057e-01
2.797395457038456268e-01 2.445144716746008307e-01 -6.002792373661297587e-02
5.996848912643257812e-01 1.929228408798157601e-01 6.034923779682724865e-01
9.490874902933785773e-01 2.704380583199803567e-01 5.003209823190770678e-01
7.321377827815418460e-01 1.930377135805637079e-01 1.158125815881369869e+00
7.895878493269781195e-04 8.459844731784295080e-01 2.430421649066722534e+00
3.473338073810194881e-01 7.471998202191716398e-01 1.749932314387480980e+00
5.876011161431424767e-01 1.767752995965249652e-01 6.047895743126519008e-02
3.211010971485890320e-01 7.007539364172540308e-01 1.768950981030957381e+00
4.282433749791531019e-01 1.865351479458850770e-01 4.161640593683982869e-01
3.804402185273378367e-01 7.125247587307655117e-02 1.135985646450259123e+00
7.811750818133497143e-01 4.320002528866924152e-01 -6.979817226217658321e-01
7.742073720092683686e-01 8.693432187119107812e-01 1.251538088170359497e+00
4.210584592063421755e-02 7.513784060354347094e-01 2.086630075039531462e+00
7.853918237485971732e-01 4.301056567257581786e-01 -1.143107037817209237e+00
7.419972529913242132e-02 1.570595067509143739e-01 1.233289939908047916e+00
3.427706351634229875e-01 3.297662178157061974e-01 -5.820956013381506366e-04
5.371440960037165979e-03 3.121679541708605177e-01 -1.902599648614974881e-02
2.497892203796726329e-01 3.001843293145658453e-01 -5.708449218292882543e-01
7.028963340092686529e-01 8.488285636364781839e-01 1.254675950575947274e+00
8.200993264627617352e-01 4.186238884893667689e-01 -6.399422445578066831e-01
2.182047695118606578e-01 4.356364051632366508e-02 1.466842000105027299e+00
